6.165871087936690856e+03
3.337198269244085168e+03
1.694025407149616740e+03
1.474723806599290810e+03
5.339517230790536360e+02
3.273632587925150347e+03
2.892238500011540623e+02
6.324785291234028364e+02
2.733324296714203001e+02
3.140144657155386994e+03
1.233174217587338035e+03
8.041058686845271950e+02
1.716273395611243870e+02
5.212385868152666717e+02
2.669758615395268180e+02
5.670058773648998596e+01
1.226817649455444553e+03
4.700682133535240581e+01
2.186659437371362583e+04
5.085254505514797074e+00
1.821156769787486596e+01
2.288364527481658683e+01
7.818578802229000075e+02
2.097667483524853651e+03
4.767426098920121831e+02
1.017050901102959415e+03
6.118196826947490081e+03
2.034101802205918830e+03
3.368981109903552920e+02
3.527895313200890541e+02
2.892238500011540623e+02
5.085254505514797074e+02
1.684490554951776460e+02
1.620924873632841354e+03
1.355855982532882820e+01
5.403082912109471181e+03
7.405401873655923062e+00
3.028904714847250990e+00
2.606192934076333358e+02
2.889060215945594035e+00
1.179143388466243447e+00
1.071081730224054127e+03
4.195334967049706876e+00
1.779839076930178843e+00
1.048833741762426897e+01
2.353837179240161603e+01
7.627881758272194723e+00
3.273632587925150439e+00
2.021388665942131624e+00
2.310612515943285761e+00
1.135187719834199953e+02
8.009275846185804681e+00
7.151139148380182498e+00
2.469526719240623169e+00
6.261219609915093187e+00
5.371300071450002989e+00
1.589142032973374086e+01
5.403082912109471891e+00
1.938753280227516251e+00
3.019369862649410319e+00
1.220461081323551156e+01
1.690847123083669956e+01
2.415495890119528255e+01
1.274491910444645782e+03
6.159514519804797601e+02
2.720611160450416151e+02
6.992224945082845977e+00
1.430227829676036500e+01
1.302142981818382594e+01
7.087573467061248245e+00
5.628741080791690443e+00
5.069363085185062801e+02
4.538589646171955792e+03
4.449597692325446587e+02
4.036420763752369567e+03
5.403082912109471181e+02
5.466648593428406144e+01
1.462010670335504017e+02
1.875187598908581322e+03
8.263538571461544961e+02
1.875187598908581322e+03
3.051152703308877676e+02
1.970536120886983724e+02
2.637975774735800769e+03
1.044384144070101320e+04
3.496112472541422903e+03
2.955804181330475444e+02
2.701541456054735590e+03
8.295321412121012372e+01
1.112399423081361874e+03
8.263538571461544961e+02
4.322466329687577513e+02
3.235493179133789567e+02
2.447278730778996021e+02
3.400763950563019989e+03
9.852680604434918905e+02
1.398444989016569252e+03
9.534852197840243662e+02
2.193016005503256110e+03
1.144182263740829200e+02
2.955804181330475444e+02
2.002318961546451192e+03
3.941072241773967448e+02
2.669758615395268180e+02
3.489755904409529194e+03
2.002318961546451192e+03
1.093329718685681200e+03
2.606192934076333358e+02
6.674396538488171018e+02
6.547265175850301375e+02
2.065884642865386013e+03
5.530214274747341108e+01
9.852680604434918905e+02
1.195034808795977187e+04
1.976892689018877149e+02
2.510844412097930700e+01
1.999140677480504337e+03
1.430227829676036436e+03
9.534852197840243662e+02
1.843404758249113584e+01
2.288364527481658570e+03
9.217023791245568418e+02
7.310053351677519231e+02
4.989905983536394274e+02
1.207747945059764163e+02
6.928659263763911440e+02
1.331701023631687576e+03
2.828672818692605802e+02
3.337198269244085509e+02
6.992224945082846261e+02
5.053471664855329664e+02
2.606192934076333358e+02
6.356568131893495774e+02
8.508266444539443910e+03
7.087573467061247356e+01
8.676715500034621073e+03
5.975174043979885710e+02
3.102005248364025647e+03
2.479061571438463488e+03
1.433406113741983461e+02
4.227117807709174713e+02
3.750375197817162416e+02
2.097667483524853651e+02
3.082935543968345428e+03
3.972855082433434859e+02
1.684490554951776403e+03
9.344155153883439198e+03
6.038739725298820531e+02
5.148820186833731896e+02
3.321306848914351235e+02
2.510844412097930700e+01
1.830691621985326719e+03
9.217023791245568418e+02
6.451916653871897722e+00
5.593779956066276426e+00
2.469526719240623436e+01
3.845723719795564648e+02
1.633638009896628319e+03
7.310053351677519231e+02
2.701541456054735590e+02
1.639994578028522028e+03
3.909289401114500038e+02
3.051152703308877676e+02
8.613149818715686479e+02
4.767426098920121831e+02
8.676715500034621300e+02
1.595498601105267198e+03
7.119356307720715904e+02
8.199972890142610140e+02
8.263538571461544961e+02
2.351930208800593505e+02
4.163552126390239749e+00
5.720911318704146424e+02
4.449597692325447497e+03
3.051152703308877676e+02
1.106042854949468165e+03
6.833310741785507503e+01
1.516041499456598558e+03
4.576729054963317139e+03
1.811621917589646273e+03
1.525576351654438838e+02
1.075849156322974238e+02
1.290383330774379544e+01
9.185240950586102144e+02
2.043636654403758712e+03
5.085254505514797074e+02
2.434247766108614087e+03
9.364178343498902905e+03
7.310053351677520084e+01
1.938753280227516143e+03
9.153458109926633597e+02
1.284026762642486119e+03
2.129450324184321346e+02
6.293002450574560953e+02
1.462010670335503846e+03
1.938753280227516029e+02
2.765107137373670412e+02
5.752694159363613835e+00
9.185240950586100794e+00
4.735643258260654420e+02
4.767426098920121547e+01
1.999776334293693935e+03
2.542627252757398537e+01
6.992224945082845807e+03
2.660223763197427616e+03
1.166430252202456359e+03
1.214104513191657588e+03
2.987587021989942855e+02
1.652707714292309049e+02
6.324785291234028364e+02
4.004637923092902270e+02
2.088132631327013587e+04
4.751534678590388694e+02
2.028063062480620005e+01
9.852680604434918905e+02
2.329682220338966090e+02
1.175965104400296696e+03
8.994543906629296544e+02
9.471286516521308840e+02
5.339517230790536360e+02
5.879825522001483478e+02
2.844564239022339507e+02
5.689128478044678559e+03
6.038739725298820531e+02
6.327963575299975219e+02
6.092770554419914788e+02
2.491774707702250453e+03
3.400763950563020330e+02
1.941931564293462998e+03
8.454235615418349425e+01
4.354249170347044924e+02
6.992224945082846261e+02
1.779839076930178976e+02
2.320147368141125810e+02
2.819137966494765557e+00
3.527895313200890115e+00
4.767426098920121369e+00
1.312631319236006675e+02
3.146501225287280704e+03
6.324785291234028364e+02
4.449597692325446587e+02
3.909289401114500038e+02
2.129450324184321346e+02
7.310053351677519231e+02
1.430227829676036436e+03
1.995008908194773767e+01
1.995962393414557612e+00
1.525894180061033500e+00
2.705037568527277170e+00
3.467507915947901864e+00
4.004637923092902270e+02
5.784477000023081246e+02
4.672077576941719030e+02
2.065884642865386240e+02
4.227117807709174713e+02
7.913927324207403444e+02
4.131769285730772026e+03
6.674396538488170449e+01
1.385731852752782288e+03
2.129450324184321275e+01
7.087573467061247356e+01
1.080616582421894378e+01
1.080616582421894378e+02
2.100845767590800506e+01
4.799208939579589241e+03
3.527895313200890087e+03
6.356568131893496343e+01
4.958123142876926863e+02
6.038739725298820531e+02
2.463170151108729442e+03
1.897435587370208395e+03
2.256581686822190989e+02
7.786795961569532665e+02
3.432546791222487741e+02
2.089721773359986855e+03
2.574410093416865493e+03
1.906970439568048732e+03
1.684490554951776403e+03
2.987587021989942969e+03
1.423871261544143181e+03
3.019369862649410265e+02
8.470127035748083344e+00
4.290683489028110102e+02
1.811621917589646273e+03
3.686809516498227026e+02
2.914486488473168038e+02
5.403082912109471181e+02
7.627881758272194475e+02
8.072841527504739361e+02
5.085254505514797074e+02
2.564875241219025611e+03
9.534852197840243662e+02
4.099986445071305070e+02
1.493793510994971427e+02
5.720911318704146424e+02
1.589142032973373944e+02
6.896876423104442821e+00
9.661983560478113304e+02
2.892238500011540509e+03
1.999140677480504564e+02
5.339517230790536928e+01
3.082935543968345016e+01
1.681312270885829818e+01
3.782158038476629969e+01
1.207747945059764163e+02
7.310053351677520084e+01
2.145341744514055051e+02
2.072241210997279666e+02
2.212085709898936443e+02
8.940513077508202286e+02
1.069810416597675385e+03
2.955804181330475444e+02
7.532533236293792470e+03
8.581366978056220205e+02
1.274491910444645782e+03
5.085254505514797074e+02
5.784477000023081246e+02
2.555340389021185388e+02
1.439762681873876815e+01
1.287205046708433009e+01
7.310053351677519231e+02
1.906970439568048619e+02
1.843404758249113513e+02
1.875187598908581322e+03
5.689128478044679014e+02
7.532533236293793379e+02
7.532533236293793379e+02
5.561997115406809371e+02
5.911608362660950888e+02
1.913327007699942260e+04
1.589142032973373944e+03
4.608511895622784209e+02
9.312372313223971787e+02
1.639994578028522028e+03
3.845723719795564648e+02
6.165871087936690174e+02
3.655026675838759616e+02
1.837048190117220429e+03
1.048833741762426826e+02
2.415495890119528212e+03
2.199372573635149365e+03
9.217023791245568418e+02
1.239530785719231716e+02
1.906970439568048732e+03
9.725549241797049262e+02
1.541467771984172714e+03
4.958123142876926863e+02
9.757332082456515536e+02
5.911608362660950888e+02
4.535411362106008681e+01
5.240990424746186704e+01
8.037880402779326516e+01
6.356568131893495774e+02
9.217023791245567566e+01
1.001159480773225596e+03
1.732164815940977633e+03
9.725549241797049262e+02
7.151139148380182178e+02
7.151139148380182178e+02
3.655026675838759616e+02
5.650989069253317894e+02
2.541673767537614367e+03
1.614568305500947929e+02
6.102305406617755580e+03
7.977493005526335992e+02
1.249065637917072081e+03
7.850361642888467273e+00
6.451916653871897722e+00
2.180302869239469146e+03
5.625562796725744192e+02
4.131769285730772481e+02
4.608511895622784323e+03
4.573550770897370057e+03
9.217023791245567566e+01
2.161233164843788757e+02
6.706179379147637292e+02
2.224798846162723748e+03
4.513163373644381863e+03
1.144182263740829285e+03
3.941072241773967562e+03
1.811621917589646182e+04
2.603014650010386686e+04
6.356568131893495774e+02
3.279989156057044056e+03
1.703560259347457077e+03
3.527895313200890541e+02
8.587723546188111868e+03
1.195034808795977142e+03
5.364943503318109833e+03
2.224798846162723294e+02
5.784477000023081246e+02
3.813940879136097237e+02
1.592320317039320571e+03
2.860455659352073212e+02
1.271313626378699155e+03
2.161233164843788757e+02
1.112399423081361874e+03
5.720911318704146424e+02
2.158054880777841845e+03
7.405401873655922600e+02
2.510844412097930700e+01
4.449597692325446587e+02
6.293002450574560953e+02
1.233174217587338035e+03
4.068203604411837659e+02
1.811621917589646102e+02
9.471286516521308840e+01
6.805977498818366200e+01
1.144182263740829342e+01
1.303096467038166679e+02
1.674955702753936180e+02
1.906970439568048732e+03
3.527895313200890087e+03
4.386032011006511766e+02
1.900613871436155478e+03
7.627881758272194475e+02
2.984408737923996341e+03
1.776660792864232008e+03
6.356568131893495774e+03
7.182921989039649588e+02
1.179143388466243550e+03
4.799208939579589384e+00
6.992224945082845977e+00
8.358887093439946057e+02
1.417514693412249471e+03
1.783017360996125717e+03
2.669758615395268180e+02
1.988016683249690573e+02
4.703860417601186782e+03
1.655885998358255529e+04
1.042477173630533252e+04
1.328522739565740449e+04
1.357127296159261459e+04
4.163552126390239209e+03
7.755013120910064572e+03
5.498431434087873640e+03
1.198213092861924088e+04
1.398444989016569107e+00
1.086973150553787718e+03
3.426190223090593918e+03
7.977493005526335992e+02
3.210066906606215070e+03
1.716273395611244041e+03
1.010694332971065933e+03
4.163552126390239891e+02
5.196494447822933580e+03
1.910148723633995349e+00
3.400763950563020277e+00
7.691447439591129864e+00
8.231755730802076698e+01
4.354249170347044924e+02
7.627881758272194723e-01
9.852680604434917999e-01
1.141003979674882540e+00
5.720911318704146424e+02
2.479061571438463488e+03
1.938753280227516143e+03
2.129450324184321289e+03
2.447278730778996021e+02
2.332860504404912717e+03
8.104624368164206771e+02
1.055190309894320308e+03
2.030287861326782513e+04
3.524717029134943459e+03
3.270454303859203833e+02
1.471545522533344183e+03
5.085254505514797074e+02
6.420133813212430596e+02
5.326804094526748941e+02
1.055508138300915100e+01
1.658746454017607732e+02
5.765407295627401254e+02
7.627881758272194475e+02
7.057697596841348059e+03
7.838284163437869211e+03
5.403082912109471181e+02
4.767426098920121831e+02
3.070222407704558464e+03
2.065884642865386013e+03
3.941072241773967200e+00
3.941072241773967200e+00
1.751234520336658163e+00
1.830691621985326867e+00
6.547265175850300693e+03
1.970536120886983724e+02
2.892238500011540509e+03
7.494393827502431122e+03
3.365802825837606633e+02
