1.359151104068050664e+01
1.370885914023255303e+01
1.376044778436506633e+01
1.008128248570884011e+01
1.032794531934143833e+01
1.356929990529889274e+01
1.417591619871799757e+01
1.359122418121189213e+01
1.364520701200921948e+01
1.176379271739589250e+01
1.263326464807478189e+01
1.082865698369059970e+01
1.093214300925255777e+01
1.093449029818992457e+01
1.080249226194863255e+01
8.188128078479806504e+00
1.057072236233391216e+01
6.545672513906314549e+00
1.335752438111575557e+01
2.279329700994509267e+00
3.620690551651582823e+00
4.009983840217295814e+00
1.329783125536267008e+01
1.251173588232074430e+01
1.408522773636116909e+01
1.358593713914675760e+01
1.283175125716193676e+01
1.326611059203945686e+01
1.312262536915485178e+01
1.272629725723927230e+01
1.252857581457249836e+01
1.355755691489475367e+01
1.028467303805815725e+01
1.028069207091734327e+01
3.130167400449501702e+00
1.063389326806271740e+01
2.446305099799271687e+00
1.967419345336193226e+00
1.031133043026999552e+01
1.868350024794282138e+00
1.213078160557284901e+00
1.037473616109348562e+01
2.360711798911629966e+00
1.896668488132513097e+00
3.202919893644766702e+00
4.037886706143577698e+00
2.272309381118310601e+00
1.970628015080087225e+00
1.381227401028311208e+00
1.741226081409763760e+00
9.858976837060678733e+00
2.592812332740386694e+00
2.747823575147071651e+00
2.004335322231248995e+00
2.319642954924583833e+00
2.334071340304892050e+00
3.627768828310458549e+00
2.157353039305746734e+00
1.315489697779818279e+00
1.857751115789021856e+00
3.284629155006479007e+00
3.371740462258994597e+00
4.194275249487611212e+00
1.077831910894759915e+01
1.030766155451947874e+01
1.032827411203381907e+01
2.623661254658577136e+00
3.398059555497468409e+00
4.102822229179967195e+00
2.336870960185041035e+00
2.291702346514852717e+00
1.043742975382865090e+01
1.209969850390460344e+01
1.045173284435933958e+01
1.059709482194292107e+01
1.373976170692677812e+01
8.364225136685480066e+00
1.251761551118245208e+01
1.418935187718523139e+01
1.346750146377213220e+01
1.347356382178972289e+01
1.731478618748989717e+01
1.164817368059745029e+01
1.381658884231547901e+01
1.031564017456953763e+01
1.334881001356774810e+01
1.134263543823688103e+01
1.326829750942754060e+01
1.157869076297873079e+01
1.039960685380892080e+01
1.351010454877605760e+01
1.082026015063591551e+01
1.094131249864903310e+01
1.052957071577585069e+01
1.343315708859618951e+01
1.390127957025898731e+01
1.347819357350516256e+01
1.251379172836186449e+01
1.259567150987948736e+01
9.741255502542754741e+00
1.028503198206424329e+01
1.365299689374684533e+01
1.023383175351021279e+01
1.111061736244692888e+01
1.094314480653676469e+01
1.001948977769089844e+01
1.201976280254412544e+01
1.214814749252347070e+01
1.354133105956425531e+01
1.081011169538988170e+01
1.277357726988577902e+01
8.386064565349586886e+00
1.330495156874718354e+01
1.358434441348015298e+01
1.294732035591369623e+01
5.584328669322158767e+00
1.364242226778299205e+01
1.359482461543684373e+01
1.093124015924671610e+01
4.061518150469202837e+00
1.106026462353540829e+01
1.360823403815079402e+01
1.087222555848063976e+01
1.100504088953378101e+01
1.102287509522747122e+01
1.030796745767836420e+01
1.041952198872903956e+01
1.033663033883803628e+01
1.085942728785650324e+01
1.354197063960030611e+01
1.105779996855029701e+01
1.126283801549574903e+01
1.347454370368395615e+01
1.110807572415801481e+01
8.919223780170407068e+00
1.337780400135297043e+01
1.086207959190656069e+01
1.346985869846966644e+01
1.342366239511972914e+01
1.162372170421065753e+01
1.165620701800614434e+01
1.168886070064518989e+01
1.172921395551342805e+01
1.109409804084428153e+01
1.065763707724461185e+01
1.075810914088491721e+01
1.000034341424006179e+01
1.373826133595337851e+01
1.076032918760319745e+01
1.131562155057905095e+01
4.348924158988128674e+00
1.159484423420422594e+01
1.354890771061311483e+01
2.579955102911316356e+00
2.754027157847936724e+00
4.414152391779537332e+00
1.021308882838367538e+01
1.387833893497551330e+01
1.350974288176064952e+01
1.171720111435976719e+01
1.213777945209539055e+01
1.226011214691489570e+01
1.372296008951468593e+01
1.036687478739762547e+01
1.237683620453830535e+01
1.209851622811075877e+01
1.097017827526039646e+01
1.334736604048398512e+01
1.332646283246765861e+01
1.329624547913483745e+01
1.336205551594469831e+01
2.615882881236990531e+00
1.371197344592491341e+01
1.378735858477341658e+01
1.319252854971115774e+01
1.306827562935451859e+01
8.967564101467026205e+00
1.344378603231565883e+01
1.065954921987544601e+01
1.381432643206885835e+01
1.112565353537861945e+01
9.865939431512792623e+00
2.869686759435602141e+00
1.043957942257506488e+01
1.358618000683375016e+01
1.387085608204307263e+01
1.159536443391342786e+01
1.113690643584173046e+01
1.101378372036093722e+01
1.298654632083573190e+01
1.345305694943956709e+01
1.338302712617796075e+01
1.149732328310854079e+01
1.235978102529210609e+01
1.300640627649984715e+01
1.371319221485245166e+01
1.052376022333323924e+01
3.130429414095523555e+00
3.351141511937584472e+00
1.349819292949110761e+01
7.195007110111990123e+00
1.122422160773395916e+01
4.819068897282087427e+00
1.359325429589609513e+01
1.070748400977872983e+01
1.137452534351785438e+01
1.144174945520627418e+01
1.513888732416885752e+01
1.329972082043453163e+01
1.104614742177895081e+01
1.079803991525611728e+01
1.295184879272133038e+01
1.115080290675569152e+01
4.634773026828161058e+00
1.146732397047755825e+01
1.069931366234642489e+01
1.179067573067582231e+01
1.173759652821813582e+01
1.300075058758852009e+01
1.352181147660609639e+01
1.358009450600445867e+01
1.360961243272272903e+01
1.094907472815573790e+01
1.333107652316685687e+01
1.360039021975882889e+01
1.359695156724521681e+01
1.184789184239576088e+01
1.109091608316418309e+01
1.061677519482412890e+01
9.720616859018596401e+00
1.223416114449781489e+01
1.354496641979832106e+01
1.025025481307869235e+01
1.034417730951709835e+01
2.614158305351688583e+00
2.229249185175253167e+00
2.167162543233350114e+00
1.114183787000008330e+01
1.375787075640969093e+01
1.023556536066239886e+01
1.349888224763552103e+01
1.084372657460720824e+01
1.098098507158389658e+01
1.326020341043543205e+01
1.232687584686536120e+01
3.952208696034872126e+00
2.317272175623759534e+00
1.823087474466807745e+00
2.154296021961126240e+00
2.177894924143815025e+00
1.339430420740792904e+01
1.097956454092608602e+01
1.385374724869872409e+01
1.039248964563553201e+01
1.193639144503615057e+01
1.064267189133715164e+01
1.107029463299567418e+01
8.663001082843376111e+00
1.064531437817009696e+01
3.568023410920003524e+00
9.250112947226012849e+00
2.883911668270553896e+00
9.925701624408439727e+00
4.012283313854368316e+00
1.265670678809241956e+01
1.327367430528897074e+01
8.609411700864784578e+00
1.266950841535404670e+01
1.273149914566283236e+01
1.068312902721887347e+01
1.257398400763413271e+01
1.320377906445159333e+01
1.117188932915568245e+01
1.219591734056526455e+01
1.372836151046825925e+01
1.322670910835828373e+01
1.348043235522029981e+01
1.375629813822151881e+01
1.264443797672977077e+01
1.045514564477284303e+01
1.156922747212102642e+01
3.084009500262165027e+00
1.329827801817676658e+01
1.122010287556040531e+01
1.158718364326028905e+01
1.058000371095349479e+01
1.387264660753645273e+01
1.057395089167531133e+01
1.055681610483614286e+01
1.358796318505279821e+01
1.105414134942409810e+01
1.106611162985318586e+01
1.260102476182355602e+01
1.036997822061824870e+01
1.368664307086083909e+01
1.269534735280194226e+01
2.584809948165360360e+00
1.334232045968423996e+01
1.148401713668038937e+01
1.142789057648509576e+01
8.246748920117616066e+00
5.275522331475031024e+00
3.805053361953769642e+00
6.196020309921629554e+00
1.120862396895439517e+01
9.654693871212055356e+00
1.053406356730795324e+01
1.069233727909895038e+01
1.074993040037574232e+01
1.075197960196482327e+01
1.056484164702942330e+01
1.408442226162605060e+01
1.348769728436086979e+01
1.344751211480195963e+01
1.170032206285760168e+01
1.052433853307451450e+01
1.176097431203836940e+01
1.054632865951084142e+01
2.939286367639802666e+00
3.429789320772017369e+00
1.373260897506581202e+01
1.033943961673154810e+01
1.111471743067565932e+01
1.381933174773175566e+01
1.094517960861233341e+01
1.365373795076078878e+01
1.357553272796687693e+01
1.375755467461871362e+01
1.379066325277589300e+01
1.022637822723932466e+01
1.249825229834877227e+01
1.250212631328416713e+01
1.232982499155356315e+01
1.058526499206702809e+01
1.184384225860653039e+01
1.358833378792013136e+01
1.363525706977275753e+01
1.319073910566703844e+01
9.670376171895657791e+00
1.385455421719587576e+01
1.369876050451259708e+01
1.331865037651660799e+01
1.015590607902536924e+01
1.312174782461513622e+01
1.245302217860264093e+01
1.253525762679847588e+01
1.050591555940474642e+01
1.118211918722740528e+01
1.258206316182915607e+01
6.525214535195780208e+00
7.759445292791729010e+00
9.556433592986365966e+00
1.044400673780109301e+01
9.690600875588787133e+00
1.108776577988229128e+01
1.112418895121723317e+01
1.056608263308195284e+01
1.179951592617439893e+01
1.174787158575086110e+01
1.332180204404857449e+01
1.280087309083905467e+01
1.253444188159772921e+01
1.062014568905230760e+01
1.055102375869999598e+01
1.250235092687497129e+01
1.324713691572528340e+01
3.298260331471221107e+00
2.990820938827940090e+00
1.034299215775662617e+01
1.387375243307909933e+01
1.276890825744342273e+01
1.122522412669252745e+01
1.122610808985824526e+01
1.093851066280777395e+01
1.187969888286720099e+01
1.206894436024017203e+01
1.363913607649351079e+01
1.238094150089682977e+01
1.341410671709047797e+01
1.223010749642537220e+01
1.149304014066309598e+01
1.028896217088174581e+01
1.064933023728877792e+01
1.375669044146964026e+01
1.364312155407441729e+01
1.187199644844853808e+01
1.117532057487275488e+01
1.148961973466894726e+01
1.217697475836682308e+01
1.064185240741104188e+01
1.019217032371467546e+01
1.368299290410378077e+01
1.344742835167194173e+01
1.279137965930404697e+01
1.274065933892380187e+01
1.345531213348938770e+01
1.321485975692822734e+01
1.346097117281077082e+01
1.048480054021338681e+01
1.045571752511807517e+01
5.202170588456906053e+00
1.372821453466117703e+01
1.380470900943460855e+01
1.163207886527428947e+01
1.042219563637824820e+01
1.050675665508449086e+01
9.803274435739094628e+00
8.880384541589140923e+00
3.356231243053136470e+00
1.029192965746242372e+01
1.017014693368812139e+01
1.371428441311114987e+01
1.359567292369799851e+01
1.422019246396110503e+01
1.374229501395154607e+01
1.342578339188920999e+01
1.364395711020265090e+01
1.330199789041352432e+01
1.364078477865656147e+01
1.309053307849701220e+01
1.234030210573729569e+01
2.015577147414083559e+00
2.407582098916494662e+00
1.376018084587207824e+01
1.046313728542316213e+01
1.343607588066811687e+01
1.127114313484493913e+01
1.086824851269862435e+01
1.025823414731331695e+01
1.015901406869469703e+01
1.333458238784567129e+01
1.017791260035762946e+01
1.086441759175114363e+01
1.095619749604372828e+01
1.182649739445502135e+01
1.266174570222866080e+01
1.057082006122675999e+01
1.212716483870312167e+00
1.318786611743299098e+01
1.233364437851557760e+01
1.328570090785749080e+01
1.313179456154090197e+01
1.474411484822497798e+01
1.038807918580486422e+01
1.118294787867463391e+01
1.045636118556947380e+01
1.304526136959943905e+00
1.865200887508452698e+00
2.486920677508701605e+00
9.833208898740736004e+00
1.055057634106407960e+01
1.138510509739616428e+00
1.106766534916968414e+00
1.129021884400115638e+00
1.360036141032489354e+01
1.380637348667462483e+01
1.352990657109906536e+01
1.379953014825567870e+01
1.064142977214492269e+01
1.362548730074159664e+01
1.363404459615679798e+01
1.343566795484197840e+01
1.285874543746317045e+01
1.336693983896696203e+01
1.340976216280887634e+01
1.348740989751692432e+01
1.353576229668364661e+01
1.384234673254350056e+01
1.126601471277828637e+01
3.605779847810752337e+00
1.114769251023857954e+01
1.134035878395094166e+01
1.338161354193797692e+01
1.359068328493123445e+01
1.356830442239481727e+01
1.361259176701515727e+01
1.365575100857216739e+01
1.120972177674104842e+01
1.363673496678340591e+01
2.098566582449655549e+00
2.208081686628132534e+00
1.882008169684019405e+00
1.582997927900418489e+00
1.365545896628045774e+01
1.561912232292476332e+01
1.249176674202889004e+01
1.238291564914768550e+01
1.261534331086183691e+01
