8.835960051462419642e+02
8.282080746452372750e+02
8.449022290669918220e+02
1.318658208744094793e+02
2.301534969969006283e+02
4.344569661076733951e+02
1.766031206946328666e+03
4.717996430574222586e+02
3.814771190232873437e+02
3.514406589728670838e+02
8.885513051260410293e+02
2.183498256026383899e+02
1.669473456610002131e+02
9.319352189456596136e+01
7.365943572901747984e+02
5.094516988992986626e+02
1.062957636327229238e+02
2.822864454509150960e+02
3.698811107836810379e+02
1.156197729182982130e+03
5.558349354003225926e+02
3.809706475412809255e+02
2.538215936418411331e+02
5.441061388187221155e+02
1.051132583513224063e+03
8.918090146332389168e+02
1.007254502804376784e+03
9.900765312765037152e+02
8.836762323878714369e+02
1.218362361270905012e+03
7.095419302407548230e+02
3.259118628255909584e+02
1.030852367654651971e+02
1.702982570571165866e+02
1.116197993152715071e+03
1.688624328059579511e+02
4.241238348736513331e+02
3.988543409338674337e+02
6.489256159556379089e+01
2.928361846745380035e+02
4.639623061754233504e+02
3.760058586358511548e+02
5.316603955758531583e+02
9.071388157828782823e+02
1.537615662919813531e+02
2.806654095315702193e+02
2.416234532642419879e+02
3.728459264103485111e+02
2.920368373119326861e+02
1.483456695866578059e+02
3.409716472164155903e+02
5.272631964081889464e+02
5.917268645541571459e+02
7.377491328173233569e+02
4.212531900196684660e+02
4.872306803496074394e+02
4.563247207206590019e+02
3.421519027348596182e+02
5.596279016089923743e+02
3.362235378467083251e+02
1.998933903283275129e+02
3.623589670034546089e+02
1.908588729614540966e+02
7.194304032458962865e+02
2.123572041821838070e+02
2.692426320486154623e+02
6.724896794627999270e+02
1.677456376875984461e+02
7.059192289705902112e+02
3.794671325268574833e+02
4.437564804439069803e+02
9.913476741282330806e+01
3.350685909074782671e+02
1.397344747640951255e+02
1.761468098660890007e+02
8.207053093701651960e+02
7.885975384273230020e+02
1.053213111653508122e+03
9.601746596682686459e+02
6.486961270750587119e+02
4.146914022682117320e+02
1.796708346646122209e+03
9.271012249760570967e+02
7.814487039371988431e+02
1.818801784869950495e+02
2.119156332148066610e+02
2.146309024974232784e+02
6.051707176373399761e+02
1.054358882516113681e+03
1.822063659489370764e+02
4.785641831244643072e+02
2.810831966417709964e+02
1.773396210784064522e+02
4.963340089216554816e+02
6.503871215760316318e+02
1.258257142373040779e+03
4.257909616008549847e+02
3.894245229549200076e+02
1.780222017680214321e+02
1.410147504462600807e+02
1.007910527256801885e+02
8.068801325209277593e+02
2.019516727778220684e+02
2.318529188900530471e+02
5.443558143981081230e+02
2.023880552774733701e+02
2.215094042475092806e+02
4.398323194289138200e+02
3.914988860983066843e+02
1.411133976656902576e+02
1.050335040042853961e+03
7.287484626512720070e+02
6.439245767695811082e+02
8.493731733931343797e+02
2.102341012435946936e+02
7.900552362264991189e+02
6.430314972016306001e+02
3.690069636322078281e+02
2.564516304915804881e+02
1.315476973093114111e+03
1.436370978307125768e+02
9.626880723474552042e+02
3.278602024885521473e+02
1.831629836412748489e+02
1.876838495384720034e+02
1.967065062973379668e+02
1.547567684891587589e+02
2.440544556620229741e+02
7.895205128958416481e+02
3.536579997628431897e+02
3.462484853066084156e+02
1.287281752544917026e+02
3.957577255771550995e+02
8.440600738047895391e+01
2.467809588876186240e+02
3.037038007482841522e+02
1.373719342771851188e+02
5.002677006021068564e+02
4.623209713416681552e+02
5.065946894317193028e+02
3.931998675701370303e+02
2.258513553624734129e+02
1.472015786059506866e+02
2.441427885157957576e+02
2.746394485449234821e+02
1.065773664388652833e+02
1.304522500974950674e+02
3.266641879681919818e+02
2.888291535556780900e+02
6.758603493034886469e+02
4.933191633939525218e+02
4.698091887619744398e+02
8.292061820661041338e+02
1.157060098047816155e+03
8.728678281686510445e+02
2.635117610192280608e+02
2.413776696415565368e+02
6.064751762388559655e+02
3.762286847121768574e+02
2.223560867585998722e+02
1.360393035940601578e+02
3.562103493491152904e+02
4.547690933704470240e+02
1.017206724821797366e+02
4.504482710006731736e+02
3.044159373133609847e+02
4.248772317123772382e+02
3.158137741447089866e+02
1.505223209148783496e+02
3.694741102870856366e+02
3.068502321853758872e+02
8.874753158545159977e+02
4.242928046601150527e+02
9.623224572379754136e+02
3.678397676655283703e+02
2.386221784061455367e+02
4.556088354558698370e+02
2.891567272851557391e+02
7.286644701655633298e+02
9.445734234495695318e+02
3.170664746585995886e+02
1.757646453429034352e+02
4.434288218551953946e+02
2.411302875363623173e+02
4.649542655760312755e+02
4.402997579733539055e+02
6.375455975581559187e+02
1.978054211672801728e+02
1.123843508647020371e+03
8.109382152388097893e+02
4.611848605404737782e+02
2.191495302285401010e+02
2.070743053754911216e+02
3.501366537622404849e+02
1.021919836893447382e+03
4.785802382962635306e+02
2.595233736272699048e+02
8.384483358828950941e+02
6.110447807624591405e+02
3.732489258053096819e+02
5.850813790422373586e+02
5.152339679215577917e+02
1.014121921826344192e+03
6.130175252420763172e+02
1.067355623898171757e+02
2.585273283082614171e+02
1.527532152004141892e+02
1.441743060854942087e+03
1.443999670536748226e+03
1.358857120151620279e+02
2.566437200089684438e+02
3.179313698064065079e+02
1.514370399008715253e+02
8.262290269883475275e+02
1.599589138959621550e+02
5.298716655568925944e+02
8.799180601165727467e+02
2.058553037456428569e+02
2.621073893812032907e+02
3.403918795687241641e+02
4.081737032652886228e+02
3.713169107621069429e+02
1.815038756419269248e+02
6.709166090871540291e+02
4.729871228767605089e+02
3.913792851848003806e+02
1.966709965718148112e+02
2.890603818322594520e+02
2.275714038345040819e+02
1.316979421948674656e+02
3.662870614887154943e+02
4.508720530078781508e+02
3.469122707669349097e+02
1.815490672612314711e+02
7.058069221182712454e+02
4.208673135485719285e+02
3.559073840458559062e+02
4.317447075794974580e+02
9.605637469748302237e+02
2.341737487188531475e+02
5.106886997835073885e+02
2.752946380687597525e+02
1.921114411299716664e+02
5.006868473801171717e+02
2.547724606119330133e+02
1.269159913198562663e+03
8.614694554554268962e+02
7.858090240187798372e+02
6.955778247870467794e+02
5.197942948623322081e+02
2.459489221442023279e+02
1.892019573605797973e+02
1.033404107803384250e+03
3.800498529015010263e+02
1.053208963759568178e+03
1.285878246148907635e+02
2.147805835687658771e+02
2.630729626315156793e+02
7.850321234837132351e+02
4.122120662936964663e+02
1.268462016323564683e+02
3.262415404808536437e+02
1.162991448289286183e+02
1.746746277578243507e+03
1.735531166427326468e+02
1.059838545377066112e+03
1.649508530320783279e+02
3.488512167899037877e+02
1.595929114290283053e+02
2.766113362341616835e+02
2.323251548162683662e+02
7.865690627917950906e+02
2.375916636892874294e+02
4.783178435518409515e+02
8.827715000906582645e+02
2.445772327571956737e+02
3.602178542563120800e+02
8.820285897536546145e+02
1.078071025174348279e+03
9.301085608935878213e+01
1.858232683152203322e+02
4.753989912010571857e+02
5.464637640867089203e+02
2.645081075063376375e+02
2.589489463691559763e+02
6.519681764677717410e+02
5.492804505086049858e+02
1.686139720204853347e+02
1.446719207312652884e+02
7.408154497202511948e+02
1.511203714199710646e+02
1.094793044546820227e+02
2.655522296408050806e+02
1.520756324740144976e+02
3.507254319044885733e+02
3.387756335703863897e+02
8.603364150926192906e+02
9.191865202572304270e+02
3.060428399833537014e+02
2.295037124002727751e+02
3.901809503768008085e+02
4.763645015519264234e+02
6.384043017416084922e+02
2.661689282745942933e+02
1.311037712743427903e+02
4.780138453342640332e+02
3.354574405569642863e+02
1.876981353120012841e+02
1.466863558750578136e+02
5.051313813299972253e+02
1.276175733766262965e+02
1.195046293896599991e+03
2.271445645259275068e+02
5.848796717906220692e+02
3.607815719259528464e+02
1.826323413154828756e+02
3.056666561369964370e+02
1.928772198212573130e+02
3.725498090634735036e+02
7.607652943232718599e+02
4.927749981092592293e+02
3.204208840729776853e+02
3.096202448328374430e+02
7.689068790197018188e+02
2.534654741092115842e+02
5.104768988930358660e+02
2.608530329259770042e+02
5.759558675605368308e+02
4.704306573526799866e+02
6.240592889718404024e+01
8.105262991754060522e+02
1.784633354227283917e+02
1.166897836413460539e+02
2.002178590784997709e+02
4.648426988026615163e+02
3.330993832280492484e+02
3.065143379718472829e+02
9.652479880674861761e+02
2.613997655815484222e+02
8.010122831868757203e+02
7.833227176017049942e+02
5.278346220421922226e+02
5.698224739579429752e+02
8.771813238202419143e+02
3.670142990655583617e+02
2.154238166052116412e+02
1.484718152747061310e+02
1.962777101793855081e+02
1.121251133922091867e+03
8.773287349960510255e+02
5.698621813221124057e+02
3.098887777454447701e+02
1.381162029941239382e+02
2.192107317042152488e+02
1.540169164319742663e+02
6.502910670748045732e+02
1.778617093762537422e+02
4.126202655435457700e+02
3.275305536317251835e+02
2.190768997954854740e+02
7.275785940257252378e+02
1.920775067495241046e+02
2.391616645484126025e+02
8.191757499921145325e+01
3.370808158093287261e+02
6.812069008077421586e+02
6.555051787921518098e+02
5.629908124050225524e+02
1.905635807479758626e+02
1.017187045426354302e+03
4.244357595334201392e+02
2.762404526989288343e+02
3.558127440044036121e+02
2.046739650794775400e+02
2.067971225438432441e+02
3.953232125984475829e+02
2.641037294896725030e+02
2.322363003126360468e+02
4.182881676465245278e+02
1.013019758460978323e+03
2.856694237043012663e+02
1.149792642418217667e+02
1.621717749862461915e+02
4.927764875603131145e+02
1.533845229753769104e+02
2.347298118346192837e+02
3.052167734402146948e+02
9.401825325015094847e+01
1.135730900492029036e+02
6.458356586165913313e+02
3.455761304041229778e+02
4.358544002938785979e+02
8.052129725362638055e+02
5.346784586140443025e+02
1.012932423589318773e+03
3.633035515321774938e+02
6.830778799404711208e+02
4.630309465728888085e+02
1.295193753363317626e+02
1.900732982299377909e+02
6.389418862445438663e+02
3.845989213707962904e+02
9.580845876143387159e+02
1.008030681861812809e+03
3.594941034933357287e+02
1.931205935028621923e+02
2.437374113729571263e+02
1.034687628099713805e+02
7.004692205998147756e+02
4.374532229260274789e+02
1.853336270813398983e+02
4.307260710911771753e+02
3.356563655892599627e+02
8.170876887392900016e+02
2.844932850340318851e+02
3.879001565350016563e+02
7.421642799483105364e+02
3.777981999301813403e+02
3.712797328196190847e+02
4.103061928457125873e+02
2.432722556743821656e+02
2.261801309972884155e+02
1.664297557198555353e+02
4.832362988867806735e+02
2.496885284867923076e+02
3.411535864032572931e+02
2.642995297022087016e+02
6.667322529064919081e+02
3.502009872849434373e+02
8.307560792263161602e+02
4.518510338900678676e+02
3.814210476543647133e+02
7.029436366600667725e+02
4.207126979104501743e+02
4.856273894081743379e+02
5.578202910547231568e+02
5.622665647476015920e+02
3.070385912451125137e+02
4.710020608048564554e+02
1.298282571622186424e+03
7.317561051988743657e+02
5.143226368989886623e+02
1.350823425813370022e+03
2.582297209769398592e+02
2.386045316538467489e+02
1.284343585946498081e+02
4.624115800797645193e+02
2.997607761793150303e+02
1.362438713857044377e+02
7.201701132186070708e+02
3.823915606262560232e+02
4.840575321271495000e+02
4.178833561426584424e+02
3.640686279818085609e+02
7.532711174763545614e+02
1.033358436656739741e+03
1.095542273493039147e+03
8.552176173138436752e+02
1.268358902149766720e+02
6.364343428281791830e+02
7.342283716240385729e+02
5.950790772510997613e+02
1.083538622342032568e+03
3.579531132955995076e+02
7.014024573760366366e+02
5.253407628261057880e+02
3.332033084499371967e+02
1.048426092138219474e+03
2.509250397453419055e+02
1.020811633390898578e+03
3.197454271566270450e+02
1.342034752395860835e+02
7.052036088306657575e+02
6.915238338454460063e+02
3.807294979525063354e+02
7.702315592031928873e+02
8.143864806525414224e+02
1.816820873975850077e+02
8.403865223643157378e+02
3.141472198644202081e+02
1.993270625818155111e+02
6.295153228500722662e+02
4.686878816356937705e+02
1.012806727783797555e+03
1.574973881474616974e+03
4.154669468329372535e+02
2.427351310486128568e+02
1.670304686822796327e+02
