name	mass	radius	semi_major_axis	temp_eq	star_luminosity	star_mass	star_radius	star_teff
           HAT-P-2 b	2777.82027	10.65974	 0.06740	1537.03494	 3.60369	 1.34000	 1.54000	6414.00000
         Kepler-91 b	232.01474	15.51323	 0.07200	2053.45746	15.27275	 1.31000	 6.30000	4550.00000
          WASP-133 b	368.68095	13.56287	 0.03450	1782.26327	 1.96524	 1.16000	 1.44000	5700.00000
           WASP-16 b	271.74329	11.29865	 0.04210	1268.61780	 0.76233	 1.02200	 0.94600	5550.00000
         WASP-94 A b	143.65844	19.27945	 0.05500	1479.47139	 2.40663	 1.29000	 1.36000	6170.00000
            K2-261 b	70.87573	 9.52763	 0.10200	1096.24248	 2.29751	 1.10000	 1.65000	5537.00000
           Qatar-7 b	597.51740	19.05527	 0.03520	2052.94473	 3.65470	 1.40900	 1.56400	6387.00000
          HAT-P-16 b	1332.65451	14.44838	 0.04130	1625.37362	 1.97555	 1.21800	 1.23700	6158.00000
           Qatar-8 b	117.91434	14.40354	 0.04740	1444.40915	 1.62396	 1.02900	 1.31500	5687.00000
           WASP-99 b	883.56297	12.32988	 0.07170	1476.44927	 4.05667	 1.48000	 1.76000	6180.00000
            WASP-6 b	159.86769	13.71979	 0.04210	1195.10733	 0.59954	 0.88800	 0.87000	5450.00000
           WASP-63 b	120.77479	16.02884	 0.05740	1531.61376	 3.01077	 1.32000	 1.88000	5550.00000
           WASP-19 b	354.06084	15.63653	 0.01616	2090.46699	 0.82815	 0.90400	 1.00400	5500.00000
         HD 210702 b	574.63376	13.63012	 1.14800	494.28839	13.05847	 1.61000	 4.92000	4951.00000
           HD 3167 c	 9.78911	 3.01522	 0.17950	560.99987	 0.51071	 0.88000	 0.82800	5367.00000
          HAT-P-13 b	270.15415	14.34750	 0.04260	1645.23074	 2.20770	 1.22000	 1.56000	5638.00000
          HAT-P-33 b	242.50307	20.47881	 0.05030	1839.68370	 4.75945	 1.40300	 1.77700	6401.00000
          CoRoT-30 b	921.70238	11.30986	 0.08440	896.19365	 0.76303	 0.98000	 0.91000	5660.00000
           WASP-97 b	419.53350	12.66615	 0.03303	1540.67504	 1.02075	 1.12000	 1.06000	5640.00000
           CoRoT-1 b	327.36326	16.70138	 0.02540	2007.61571	 1.74039	 0.95000	 1.11000	6298.00000
         Kepler-77 b	136.66621	10.76062	 0.04501	1248.34742	 0.81699	 0.95000	 0.99000	5520.00000
            NGTS-4 b	20.59528	 3.17999	 0.01900	1648.96966	 0.44322	 0.75000	 0.84000	5143.00000
            KELT-1 b	8654.46751	12.89033	 0.02472	2423.82860	 3.50219	 1.33500	 1.47100	6516.00000
          CoRoT-10 b	874.02812	10.87271	 0.10550	697.84344	 0.37170	 0.89000	 0.79000	5075.00000
           HATS-45 b	222.47988	14.41475	 0.05511	1530.59847	 2.68708	 1.27200	 1.31500	6450.00000
          WASP-164 b	676.97451	12.64373	 0.02818	1610.08124	 0.88620	 0.94600	 0.93200	5806.00000
            HATS-4 b	420.48698	11.43316	 0.03620	1317.02501	 0.65466	 1.00100	 0.92500	5403.00000
             XO-2N b	197.05361	10.90634	 0.03690	1316.46686	 0.67844	 0.98000	 0.96400	5340.00000
           HATS-25 b	194.82881	14.12332	 0.05163	1277.30412	 1.17368	 0.99400	 1.10700	5715.00000
          CoRoT-27 b	3302.23714	11.28744	 0.04760	1355.88719	 1.26895	 1.05000	 1.08000	5900.00000
          HAT-P-28 b	198.96058	13.58528	 0.04340	1381.22970	 1.13693	 1.02500	 1.10300	5680.00000
          CoRoT-24 c	27.96890	 4.93195	 0.09800	707.08998	 0.39867	 0.91000	 0.86000	4950.00000
          WASP-135 b	603.87397	14.57167	 0.02430	1721.52809	 0.86124	 0.98000	 0.96000	5680.00000
           CoRoT-2 b	1052.01203	16.42116	 0.02810	1523.09951	 0.70564	 0.97000	 0.90200	5575.00000
          WASP-159 b	174.80562	15.46839	 0.05380	1811.90172	 5.18037	 1.41000	 2.11000	6000.00000
            K2-229 d	25.10844	 2.64980	 0.18200	532.77014	 0.40807	 0.83700	 0.79300	5185.00000
          HAT-P-24 b	217.71246	13.92155	 0.04650	1636.39397	 2.56884	 1.19100	 1.31700	6373.00000
          WASP-121 b	376.30883	20.90475	 0.02544	2358.34720	 3.32381	 1.35300	 1.45800	6460.00000
             K2-27 b	30.89292	 4.44997	 0.06702	920.99182	 0.51961	 0.89000	 0.85000	5320.00000
          HAT-P-42 b	309.88270	14.31387	 0.05750	1427.57807	 2.28030	 1.17900	 1.52800	5743.00000
        TRAPPIST-1 d	 0.41318	 0.77230	 0.02144	288.37247	 0.00053	 0.08000	 0.11700	2560.00000
         Kepler-44 b	324.18497	13.89914	 0.04550	1604.61027	 2.27857	 1.19000	 1.52000	5757.00000
           tau Boo b	1856.11789	11.88152	 0.04600	1637.72590	 2.51993	 1.30000	 1.33100	6309.00000
           WASP-92 b	255.85187	16.37632	 0.03480	1879.82624	 2.51123	 1.19000	 1.34100	6280.00000
           WASP-53 b	677.61016	12.03845	 0.04101	1053.55736	 0.34409	 0.83900	 0.79800	4953.00000
           HATS-68 b	408.72733	14.39233	 0.05053	1746.69569	 3.94657	 1.33700	 1.76900	6122.00000
           WASP-84 b	220.57291	10.55886	 0.07710	798.13886	 0.40057	 0.84200	 0.74800	5314.00000
          WASP-100 b	645.19167	18.94318	 0.04570	2201.09753	 8.14042	 1.57000	 2.00000	6900.00000
              XO-5 b	342.30119	11.54525	 0.04870	1239.57654	 0.92984	 0.88000	 1.06000	5510.00000
          HD 83443 b	127.13136	11.65734	 0.04060	1332.54613	 0.86303	 0.90000	 1.04000	5460.00000
          Kepler-8 b	191.65053	15.90554	 0.04830	1661.76838	 2.95416	 1.21300	 1.48600	6213.00000
          HAT-P-12 b	66.89966	10.70000	 0.03840	957.34761	 0.20568	 0.73000	 0.70000	4650.00000
          WASP-119 b	390.92894	15.69257	 0.03630	1567.11903	 1.31749	 1.02000	 1.20000	5650.00000
         Kepler-39 b	5720.91132	13.67496	 0.15500	905.62806	 2.66390	 1.10000	 1.39000	6260.00000
           WASP-79 b	286.04557	19.05527	 0.05390	1755.51593	 4.58199	 1.56000	 1.64000	6600.00000
            HATS-8 b	43.86032	 9.78544	 0.04667	1346.99918	 1.10138	 1.05600	 1.08600	5679.00000
           HATS-10 b	167.17774	10.86150	 0.04490	1458.09538	 1.31046	 1.10000	 1.10500	5880.00000
         Kepler-68 c	 2.18030	 0.92698	 0.09059	1060.15098	 1.56224	 1.07900	 1.24300	5793.00000
          HAT-P-23 b	664.26137	15.33389	 0.02320	2133.10694	 1.84005	 1.13000	 1.29000	5924.00000
           Qatar-9 b	378.21580	11.30986	 0.02340	1133.19978	 0.14994	 0.71900	 0.69600	4309.00000
           WASP-22 b	196.10013	13.43957	 0.04698	1418.95056	 1.48577	 1.10000	 1.13000	6000.00000
           WASP-37 b	572.09113	13.00242	 0.04339	1327.13086	 0.96982	 0.84900	 0.97700	5800.00000
        Kepler-102 e	 8.93098	 2.21938	 0.11700	591.01968	 0.27736	 0.81000	 0.76000	4809.00000
           HAT-P-5 b	336.89811	14.03364	 0.04079	1517.34011	 1.46452	 1.16300	 1.13700	5960.00000
         Kepler-65 c	26.69759	 2.57134	 0.06800	1359.55813	 2.61500	 1.19900	 1.39900	6211.00000
           TOI-270 d	 5.40308	 2.12971	 0.07330	371.75778	 0.01704	 0.40000	 0.38000	3386.00000
          HAT-P-53 b	472.61084	14.77344	 0.03159	1780.77872	 1.65144	 1.09300	 1.20900	5956.00000
        Kepler-432 b	1719.45168	16.25302	 0.30100	933.66031	 9.81978	 1.35000	 4.15000	5020.00000
           WASP-61 b	654.72652	13.89914	 0.05140	1550.24811	 2.53389	 1.22000	 1.36000	6250.00000
        Kepler-539 b	308.29355	 8.37311	 0.49880	387.71405	 0.93359	 1.04800	 0.95200	5820.00000
           WASP-81 b	231.69691	16.01763	 0.03908	1621.83792	 1.75467	 1.08000	 1.28300	5870.00000
          HAT-P-52 b	260.30147	11.30986	 0.03694	1216.83768	 0.49625	 0.88700	 0.89300	5131.00000
          CoRoT-23 b	889.91954	12.10570	 0.04770	1658.23814	 2.82001	 1.14000	 1.61000	5900.00000
          HD 38801 b	3219.60176	12.71098	 1.66000	302.66671	 3.83332	 1.26000	 2.41000	5207.00000
           HATS-51 b	244.09222	15.80466	 0.04639	1569.39843	 2.04645	 1.18700	 1.44000	5758.00000
           HATS-66 b	1748.05624	16.81347	 0.04709	1997.16619	 5.85811	 1.40600	 1.85100	6606.00000
           HATS-56 b	191.33270	18.92076	 0.06043	1902.16710	 7.93741	 1.57300	 2.20100	6536.00000
         WASP-87 A b	702.40078	15.52444	 0.02946	2311.37503	 4.11343	 1.20400	 1.62700	6450.00000
         HD 106315 c	15.19220	 3.94556	 0.15260	849.17696	 1.95685	 1.07000	 1.18000	6290.00000
           KOI-195 b	108.06166	12.21779	 0.04140	1306.74410	 0.81633	 0.91000	 0.92000	5725.00000
            K2-265 b	 6.54091	 1.71049	 0.03376	1422.02263	 0.77117	 0.91500	 0.97700	5477.00000
       Kepler-1656 b	48.59596	 5.02050	 0.19700	758.73020	 1.17192	 1.03000	 1.10000	5731.00000
          HAT-P-26 b	18.59296	 6.32971	 0.04790	995.28638	 0.37098	 0.81600	 0.78800	5079.00000
         Kepler-56 b	22.24799	 6.50121	 0.10280	1497.40478	 8.81562	 1.32000	 4.23000	4840.00000
           KOI-188 b	79.45710	10.96238	 0.04640	1088.86308	 0.47441	 0.93000	 0.86000	5170.00000
           HATS-44 b	177.98391	11.95998	 0.03649	1192.20533	 0.42896	 0.86000	 0.84700	5080.00000
          HAT-P-67 b	108.06166	23.37072	 0.06505	1517.12693	 3.61374	 1.64200	 1.54600	6406.00000
          WASP-131 b	85.81367	13.67496	 0.06070	1459.82898	 2.77871	 1.06000	 1.53000	6030.00000
         BD+20 594 b	16.30460	 2.23059	 0.24100	545.59880	 0.85464	 0.96100	 0.92800	5766.00000
          WASP-157 b	183.06916	11.71338	 0.05290	1289.97056	 1.28673	 1.26000	 1.11000	5840.00000
          CoRoT-22 b	19.06970	 4.88039	 0.09200	1007.08169	 1.44145	 1.09900	 1.13600	5939.00000
           HATS-52 b	711.93563	15.49081	 0.02498	1890.01922	 1.28160	 1.11100	 1.04600	6010.00000
            KELT-3 b	450.68068	14.94157	 0.04117	1823.82503	 3.11424	 1.28200	 1.48200	6304.00000
         Kepler-11 d	 7.29996	 3.12000	 0.15900	720.40947	 1.13076	 0.95000	 1.10000	5680.00000
           CoRoT-5 b	148.42587	14.90794	 0.04947	1441.70378	 1.74855	 1.00000	 1.18600	6100.00000
           HATS-18 b	629.30025	14.98641	 0.01761	2062.33237	 0.91863	 1.03700	 1.02000	5600.00000
           KELT-18 b	375.03752	17.59810	 0.04550	2082.77626	 6.46920	 1.52400	 1.90800	6670.00000
           HAT-P-8 b	425.89006	16.81347	 0.04490	1773.49660	 3.31186	 1.28000	 1.58000	6200.00000
         Kepler-11 c	 2.89999	 2.87000	 0.10600	882.31781	 1.13076	 0.95000	 1.10000	5680.00000
         Kepler-56 c	180.84436	 9.86390	 0.16520	1180.98348	 8.81562	 1.32000	 4.23000	4840.00000
         HD 163607 c	699.54032	13.47319	 2.39000	228.68392	 2.58584	 1.12000	 1.76000	5522.00000
           KELT-11 b	61.97654	15.35630	 0.06229	1711.12947	 5.52364	 1.43800	 2.72000	5370.00000
            HATS-2 b	427.47921	13.09209	 0.02300	1574.92562	 0.54045	 0.88200	 0.89800	5227.00000
          HD 10697 b	2172.99282	12.91275	 2.14000	247.30605	 2.82910	 1.13000	 1.79000	5600.00000
          WASP-165 b	209.13109	14.12332	 0.04823	1626.31309	 2.70214	 1.24800	 1.75000	5599.00000
           HATS-23 b	467.20776	20.84870	 0.03397	1658.56727	 1.44059	 1.12100	 1.19900	5780.00000
          WASP-151 b	98.52681	12.66615	 0.05500	1288.89180	 1.38627	 1.07700	 1.14000	5871.00000
           HATS-16 b	1039.29889	14.57167	 0.03744	1591.05885	 1.49167	 0.97000	 1.23800	5738.00000
            TrES-2 b	398.23899	13.32748	 0.03555	1496.13010	 1.05151	 0.98000	 1.00000	5850.00000
          WASP-120 b	1608.21174	16.98161	 0.05220	1892.01998	 5.78821	 1.45000	 1.93000	6450.00000
        Kepler-289 b	 7.31005	 2.15212	 0.21000	630.34999	 1.15584	 1.08000	 1.00000	5990.00000
           HATS-40 b	505.34717	17.71019	 0.04997	2121.90080	 7.98615	 1.56000	 2.26000	6460.00000
         HD 219134 b	 4.73882	 1.60199	 0.03847	1018.93122	 0.26495	 0.79400	 0.77800	4699.00000
             TOI 172	1719.45168	10.81667	 0.09130	1223.35361	 2.86712	 1.12400	 1.77400	5644.00000
          HD 18742 b	1080.61658	13.06967	 1.82000	400.00937	14.07126	 1.36000	 5.13000	4940.00000
           HATS-29 b	207.54195	14.02243	 0.05475	1211.33432	 1.06837	 1.03200	 1.07300	5670.00000
         Kepler-25 c	14.30228	 5.15389	 0.11000	1049.54844	 2.43798	 1.22000	 1.36000	6190.00000
            KELT-8 b	277.78203	20.84870	 0.04571	1677.34471	 2.74475	 1.21100	 1.67000	5754.00000
          WASP-156 b	40.68204	 5.71658	 0.04530	969.77835	 0.30140	 0.84200	 0.76000	4910.00000
          WASP-111 b	587.98255	16.16335	 0.03914	2121.72320	 5.15530	 1.50000	 1.85000	6400.00000
        TRAPPIST-1 b	 0.85814	 1.08604	 0.01111	400.59836	 0.00053	 0.08000	 0.11700	2560.00000
            K2-287 b	100.11595	 9.49401	 0.12060	844.94248	 1.08127	 1.05600	 1.07000	5695.00000
           HATS-36 b	886.74125	14.15694	 0.05290	1378.57299	 1.60420	 1.13500	 1.18600	5970.00000
           CoRoT-8 b	68.58737	 6.38015	 0.06300	856.39101	 0.35451	 0.88000	 0.77000	5080.00000
           WASP-82 b	394.10722	18.71900	 0.04470	2188.87590	 7.61653	 1.63000	 2.18000	6500.00000
            HATS-7 b	38.13941	 6.31066	 0.04012	1083.41989	 0.36827	 0.84900	 0.81500	4985.00000
           CoRoT-9 b	266.97586	10.53644	 0.40700	413.13446	 0.79421	 0.99000	 0.94000	5625.00000
           GJ 3470 b	12.57965	 4.19000	 0.03557	647.96700	 0.03680	 0.51000	 0.48000	3652.00000
          HAT-P-57 b	587.98255	15.83829	 0.04060	2198.25047	 6.39173	 1.47000	 1.50000	7500.00000
          HAT-P-46 b	156.68940	14.39233	 0.05770	1454.34387	 2.45452	 1.28400	 1.39600	6120.00000
          HAT-P-21 b	1291.33682	11.47800	 0.04940	1282.93721	 1.06891	 0.94700	 1.10500	5588.00000
          HD 46375 b	73.10053	11.43316	 0.04100	1238.54118	 0.65595	 0.91000	 1.00000	5199.00000
           NGTS-3A b	756.43161	16.58929	 0.02300	1707.91420	 0.74744	 1.01700	 0.93000	5570.00000
           WASP-12 b	467.20776	21.29706	 0.02340	2580.73694	 4.03333	 1.43400	 1.65700	6360.00000
            K2-140 b	295.58042	13.56287	 0.06800	1065.22749	 0.98151	 0.96000	 1.06000	5585.00000
          HAT-P-32 b	273.33243	20.05287	 0.03430	1840.14018	 2.23995	 1.17600	 1.38700	6001.00000
             EP212 b	15192.19784	 9.18016	 0.06210	1429.78523	 2.65264	 1.12410	 1.40000	6231.00000
            WASP-5 b	520.28510	13.12572	 0.02729	1732.29171	 1.11365	 1.00000	 1.08400	5700.00000
           CoRoT-4 b	228.83645	13.33869	 0.09000	1066.96854	 1.74321	 1.10000	 1.15000	6190.00000
            TrES-3 b	607.05226	14.62772	 0.02260	1654.32327	 0.63527	 0.92400	 0.81300	5720.00000
           Qatar-6 b	212.30938	11.90394	 0.04230	1006.45661	 0.30487	 0.82200	 0.72200	5052.00000
           WASP-41 b	298.75870	13.22660	 0.04000	1320.67879	 0.80801	 0.95000	 1.01000	5450.00000
            K2-139 b	121.09262	 9.10169	 0.18110	555.56210	 0.51883	 0.91800	 0.86000	5287.00000
          CoRoT-31 b	266.97586	16.36511	 0.05860	1568.55490	 3.45116	 1.25000	 2.15000	5370.00000
           WASP-25 b	184.34048	14.12332	 0.04740	1241.29148	 0.88575	 1.00000	 0.95000	5750.00000
        Kepler-411 d	15.19220	 3.31898	 0.27900	404.43369	 0.34298	 0.83000	 0.79000	4974.00000
           HATS-64 b	295.58042	18.76383	 0.06560	1795.29169	 7.42343	 1.56200	 2.11300	6560.00000
       OGLE-TR-132 b	371.85924	13.78705	 0.03060	1981.60269	 2.39754	 1.26000	 1.34000	6210.00000
           TOI 125 b	 8.48602	 2.75506	 0.05210	1034.38397	 0.50730	 0.87100	 0.85200	5282.00000
           HATS-42 b	597.51740	15.69257	 0.03689	1863.40248	 2.65219	 1.27300	 1.48000	6060.00000
        HIP 116454 b	11.82322	 2.53323	 0.09800	666.86811	 0.30871	 0.77500	 0.71600	5089.00000
           HAT-P-9 b	212.94503	15.69257	 0.05300	1528.11505	 2.54351	 1.28000	 1.32000	6350.00000
           TOI-216 c	189.10790	11.27063	 0.20680	488.31062	 0.40232	 0.87400	 0.83800	5026.00000
           TOI 125 c	 8.61315	 2.78992	 0.08180	822.44088	 0.50730	 0.87100	 0.85200	5282.00000
           TOI-270 b	 1.90697	 1.24700	 0.03060	575.37546	 0.01704	 0.40000	 0.38000	3386.00000
            K2-108 b	59.43391	 5.27943	 0.05730	1464.76455	 2.46880	 1.12100	 1.75000	5474.00000
          WASP-126 b	88.99195	10.76062	 0.04490	1493.57831	 1.63874	 1.12000	 1.27000	5800.00000
          HD 21749 b	23.20147	 2.83598	 0.19140	428.49308	 0.20102	 0.73000	 0.69500	4640.00000
            K2-106 c	 5.72091	 2.46598	 0.10500	791.48145	 0.70672	 0.93000	 0.83000	5814.00000
           HD 7924 b	 8.67672	11.76943	 0.05664	926.78729	 0.39237	 0.83200	 0.78000	5177.00000
            K2-290 c	245.99919	11.27623	 0.30500	676.38506	 3.23320	 1.19400	 1.51100	6302.00000
         Kepler-10 b	 3.33084	 1.46950	 0.01685	2189.21240	 1.08100	 0.91000	 1.06500	5708.00000
          HAT-P-27 b	209.76675	11.82547	 0.04030	1207.33031	 0.57128	 0.94500	 0.89800	5300.00000
          CoRoT-29 b	270.15415	10.08808	 0.03900	1219.47879	 0.55670	 0.97600	 0.90000	5260.00000
            K2-110 b	16.68599	 2.59152	 0.10210	638.91456	 0.28755	 0.73800	 0.71300	5010.00000
            K2-229 b	 2.59030	 1.16405	 0.01289	1961.21808	 0.40807	 0.83700	 0.79300	5185.00000
           HATS-32 b	292.40213	14.00002	 0.04024	1480.80863	 1.14052	 1.09900	 1.09700	5700.00000
           HATS-15 b	689.68764	12.38592	 0.02712	1493.24207	 0.60724	 0.87100	 0.92200	5311.00000
         HD 106315 b	12.58600	 2.44356	 0.09012	1110.53994	 1.95685	 1.07000	 1.18000	6290.00000
          WASP-168 b	133.48793	16.81347	 0.05190	1344.03284	 1.45959	 1.08000	 1.12000	6000.00000
          WASP-137 b	216.44114	14.23541	 0.05190	1662.63153	 3.38437	 1.21600	 1.65000	6100.00000
      EPIC 220504338	406.82036	10.20017	 0.05750	1157.84289	 0.98671	 1.00700	 1.04700	5627.00000
        Kepler-167 e	1271.31363	10.20017	 1.89000	140.81200	 0.23276	 0.76000	 0.70000	4796.00000
           WASP-32 b	1144.18226	13.22660	 0.03940	1561.32784	 1.53164	 1.10000	 1.11000	6100.00000
          HAT-P-38 b	84.86018	 9.24741	 0.05230	1080.32582	 0.61731	 0.88600	 0.92300	5330.00000
           WASP-89 b	1875.18760	11.65734	 0.04270	1089.84593	 0.41911	 0.92000	 0.88000	4955.00000
          Kepler-7 b	137.61970	18.09129	 0.06246	1629.02572	 4.53932	 1.36000	 2.02000	5933.00000
          CoRoT-19 b	352.78953	14.45959	 0.05180	1657.85955	 3.36223	 1.21000	 1.65000	6090.00000
   Kepler-34 (AB)  b	69.92225	 8.56030	 1.08960	287.69521	 1.32803	 2.06870	 1.10000	5913.00000
          WASP-158 b	886.74125	11.99361	 0.05170	1587.70258	 2.82043	 1.38000	 1.39000	6350.00000
              XO-3 b	3747.19691	13.64133	 0.04540	1889.69610	 4.21442	 1.41000	 1.49000	6781.00000
            K2-260 b	441.78149	17.39634	 0.04070	1982.88682	 4.21409	 1.39000	 1.69000	6367.00000
           HATS-69 b	183.38699	10.59249	 0.03211	1295.69496	 0.48252	 0.89200	 0.87850	5137.00000
          HAT-P-44 b	124.58874	14.34750	 0.05070	1122.71308	 0.67643	 0.93900	 0.97900	5295.00000
              XO-6 b	603.87397	23.20259	 0.08150	1576.89371	 6.81997	 1.47000	 1.93000	6720.00000
            WASP-8 b	713.20694	11.63492	 0.08010	943.27097	 0.80192	 1.03300	 0.95300	5600.00000
           HATS-14 b	340.39422	11.64613	 0.03815	1278.09057	 0.63837	 0.96700	 0.93300	5346.00000
           HATS-55 b	292.71996	14.02243	 0.05412	1368.22111	 1.69728	 1.19550	 1.12600	6214.00000
           HATS-59 b	256.16970	12.62131	 0.06112	1128.01675	 0.99596	 1.03800	 1.03600	5670.00000
          CoRoT-21 b	718.29220	14.57167	 0.04170	2041.81675	 5.01876	 1.29000	 1.94500	6200.00000
          Qatar-10 b	233.92171	17.19458	 0.02860	1955.39379	 1.98576	 1.15600	 1.25400	6124.00000
           HATS-13 b	172.58082	13.58528	 0.04057	1250.41929	 0.65726	 0.96200	 0.88700	5523.00000
           TOI-270 c	 6.61083	 2.42002	 0.04720	463.27733	 0.01704	 0.40000	 0.38000	3386.00000
           HATS-43 b	82.95321	13.22660	 0.04944	1000.24561	 0.40017	 0.83700	 0.81200	5099.00000
              K2-3 c	 2.13899	 1.84948	 0.14050	378.05210	 0.06691	 0.61200	 0.55300	3951.00000
         Kepler-10 c	17.20000	 2.35052	 0.24100	578.78788	 1.08100	 0.91000	 1.06500	5708.00000
             WTS-2 b	355.96782	14.57167	 0.01855	1544.27156	 0.32497	 0.82000	 0.76100	5000.00000
         Kepler-74 b	216.12332	14.79585	 0.08400	1250.27053	 2.74262	 1.40000	 1.51000	6050.00000
              XO-4 b	513.61071	14.76223	 0.05485	1461.11933	 2.27695	 1.32000	 1.55000	5700.00000
          WASP-144 b	139.84450	 9.52763	 0.03160	1208.47443	 0.35366	 0.81000	 0.81000	4950.00000
          KELT-2 A b	472.29301	14.63893	 0.05498	1723.45563	 4.35216	 1.31000	 1.84200	6148.00000
          WASP-128 b	11820.03844	10.50281	 0.03590	1625.28407	 1.49336	 1.15500	 1.15200	5950.00000
          CoRoT-24 b	 5.72091	 3.69896	 0.05600	935.39212	 0.39867	 0.91000	 0.86000	4950.00000
         MASCARA-1 b	1175.96510	16.81347	 0.04300	2545.57383	12.89250	 1.72000	 2.10000	7554.00000
      Kepler-420 A b	460.85119	10.53644	 0.38200	512.71981	 1.06440	 0.99000	 1.13000	5520.00000
    Kepler-16 (AB) b	105.83686	 8.44933	 0.70480	206.07229	 0.14875	 0.84990	 0.65000	4450.00000
            K2-237 b	508.52545	18.49482	 0.03700	1875.71395	 2.81402	 1.28000	 1.43000	6257.00000
          WASP-124 b	190.69704	13.89914	 0.04990	1319.02849	 1.25145	 1.07000	 1.02000	6050.00000
        BD-10 3166 b	146.20107	11.54525	 0.04600	1587.64013	 2.23233	 0.99000	 1.71000	5400.00000
           TOI-216 b	26.06193	 8.20497	 0.12930	617.84618	 0.40232	 0.87400	 0.83800	5026.00000
           HATS-28 b	213.58069	13.38352	 0.04131	1254.10102	 0.69738	 0.92900	 0.92200	5498.00000
         Kepler-21 b	 5.08525	 1.63875	 0.04272	1950.92878	 4.38876	 1.34000	 1.86000	6131.00000
        Kepler-338 b	30.60688	 2.57807	 0.11700	1101.65003	 3.34546	 1.10000	 1.74000	5923.00000
          HAT-P-36 b	582.26164	14.16815	 0.02380	1826.83864	 1.04556	 1.02200	 1.09600	5580.00000
       HD 202772 A b	320.37103	17.50843	 0.05190	2132.60542	 9.24174	 1.70300	 2.61400	6230.00000
          WASP-114 b	562.23845	15.00883	 0.02851	2028.60257	 2.28564	 1.28900	 1.43000	5940.00000
           WASP-83 b	95.34852	11.65734	 0.05900	1114.76288	 0.89267	 1.11000	 1.05000	5480.00000
         Kepler-17 b	778.67960	14.70618	 0.02591	1774.61349	 1.10556	 1.16000	 1.05000	5781.00000
        Kepler-412 b	298.44087	14.85190	 0.02959	1828.60001	 1.62562	 1.16700	 1.28700	5750.00000
           WASP-33 b	667.43965	17.96800	 0.02558	2681.00945	 5.61373	 1.49500	 1.44400	7400.00000
         HD 189733 b	362.96004	12.75582	 0.03142	1189.88141	 0.32861	 0.80000	 0.80500	4875.00000
           WASP-66 b	737.36190	15.58048	 0.05460	1801.77243	 5.21726	 1.30000	 1.75000	6600.00000
           HAT-P-4 b	216.12332	14.23541	 0.04460	1695.81989	 2.73178	 1.26000	 1.59000	5890.00000
        Kepler-492 b	12681.35342	 9.59489	 0.09870	737.23762	 0.47765	 0.92500	 0.84100	5237.00000
             KPS-1 b	346.43296	11.54525	 0.02690	1446.20922	 0.52564	 0.89200	 0.90700	5165.00000
          CoRoT-17 b	772.32303	11.43316	 0.04610	1625.52364	 2.46395	 1.04000	 1.59000	5740.00000
          WASP-109 b	289.22385	16.17456	 0.04630	1695.16871	 2.93948	 1.20300	 1.34600	6520.00000
          HAT-P-47 b	65.47265	14.71739	 0.06150	1604.24715	 4.15999	 1.38700	 1.51500	6703.00000
         Kepler-11 f	 1.99999	 2.49000	 0.25000	574.52373	 1.13076	 0.95000	 1.10000	5680.00000
   EPIC  211945201 b	27.01541	 6.12010	 0.14800	887.15404	 2.25308	 1.18000	 1.38000	6025.00000
           WASP-88 b	177.98391	19.05527	 0.06431	1763.61677	 6.64402	 1.45000	 2.08000	6431.00000
          HAT-P-19 b	92.80589	12.68857	 0.04660	1009.93181	 0.37430	 0.84200	 0.82000	4990.00000
    EPIC 228754001 b	157.32506	12.20658	 0.09160	1593.00545	 8.58700	 1.19000	 4.11000	4878.00000
       Kepler-1655 b	 4.98991	 2.21299	 0.10300	937.49111	 1.36082	 1.03000	 1.03000	6148.00000
          HAT-P-11 b	23.39217	 4.36029	 0.05300	834.99981	 0.21865	 0.80900	 0.68300	4780.00000
          HD 88133 b	95.34852	11.20898	 0.04700	1698.89672	 3.04691	 1.20000	 1.93000	5494.00000
          WASP-162 b	1652.70771	11.20898	 0.08710	936.46356	 0.87285	 0.95000	 1.11000	5300.00000
          WASP-140 b	775.50131	16.14093	 0.03230	1316.73221	 0.52020	 0.90000	 0.87000	5260.00000
          WASP-166 b	32.41850	 7.06166	 0.06420	1271.74803	 1.79032	 1.19000	 1.22000	6050.00000
           HATS-26 b	206.58846	19.61572	 0.04735	1925.14170	 5.07565	 1.29900	 2.04000	6071.00000
            K2-216 b	 7.91393	 1.80465	 0.02800	1101.08914	 0.19137	 0.70000	 0.72000	4503.00000
          HAT-P-22 b	682.37759	12.10570	 0.04140	1281.45518	 0.76739	 0.91600	 1.04000	5302.00000
          WASP-117 b	87.56173	11.44437	 0.09459	1036.65024	 1.63572	 1.12600	 1.17000	6040.00000
           HATS-33 b	378.85146	13.78705	 0.03727	1430.10293	 0.96173	 1.06200	 1.02200	5659.00000
         HD 213885 b	 8.82927	 1.74501	 0.02012	2132.40101	 1.38992	 1.06800	 1.10100	5978.00000
          CoRoT-28 b	153.82895	10.70458	 0.05900	1364.40900	 2.00106	 1.01000	 1.78000	5150.00000
           GJ 1214 b	 6.45997	 2.67000	 0.01411	576.33470	 0.00351	 0.15000	 0.21600	3026.00000
           WASP-39 b	88.99195	14.23541	 0.04860	1117.43029	 0.61152	 0.93000	 0.89500	5400.00000
            51 Peg b	149.37935	21.29706	 0.05200	1378.33439	 1.62059	 1.11000	 1.26600	5793.00000
           HD 5608 b	534.26955	13.69737	 1.91100	385.84047	13.41924	 1.53000	 5.14000	4877.00000
          WASP-105 b	572.09113	10.76062	 0.07500	846.89951	 0.48052	 0.89000	 0.90000	5070.00000
           WASP-21 b	95.34852	13.56287	 0.05200	1262.73597	 1.14160	 1.01000	 1.06000	5800.00000
           HAT-P-6 b	335.94463	14.90794	 0.05235	1673.08017	 3.56581	 1.29000	 1.46000	6570.00000
           TOI-150 b	546.66486	15.46839	 0.06430	1431.63578	 2.85361	 1.24900	 1.55100	6029.00000
         Kepler-45 b	160.50335	10.76062	 0.02700	832.63948	 0.05783	 0.59000	 0.55000	3820.00000
           WASP-96 b	152.55764	13.45078	 0.04530	1286.14108	 0.93241	 1.06000	 1.05000	5540.00000
         HD 179949 b	292.40213	11.76943	 0.04500	1552.31812	 1.95246	 1.28000	 1.19000	6260.00000
          WASP-106 b	611.81968	12.16174	 0.09170	1299.52831	 3.98235	 1.27000	 1.85000	6000.00000
           KOI-415 b	19749.85719	 8.85509	 0.59300	442.17482	 1.59851	 0.94000	 1.25000	5810.00000
          HAT-P-54 b	241.54959	10.58128	 0.04117	820.06459	 0.12695	 0.64500	 0.61700	4390.00000
            WASP-7 b	305.11527	14.90794	 0.06170	1486.76455	 3.08885	 1.27600	 1.43200	6400.00000
          HAT-P-55 b	184.97613	13.24902	 0.04604	1315.60940	 1.04424	 1.01300	 1.01100	5808.00000
            WASP-4 b	393.15374	15.63653	 0.02312	1870.47106	 1.08652	 0.93000	 1.15000	5500.00000
         HD 114613 b	113.46474	13.24902	 5.34000	177.33973	 4.16335	 1.27000	 2.14000	5641.00000
          HAT-P-29 b	247.27050	12.40834	 0.06670	1258.79948	 1.84657	 1.20700	 1.22400	6087.00000
        Kepler-454 b	 6.83331	 2.36509	 0.09540	916.68672	 1.06718	 1.02800	 1.06600	5687.00000
           HAT-P-1 b	166.85991	14.78465	 0.05561	1325.67274	 1.58246	 1.15100	 1.17400	5980.00000
           Qatar-2 b	790.43925	12.82307	 0.02149	1290.16594	 0.21248	 0.74000	 0.71300	4645.00000
          WASP-110 b	163.68163	13.87672	 0.04570	1143.29133	 0.59254	 0.89200	 0.88100	5400.00000
        HD 85628 A b	985.26806	17.14974	 0.04700	2403.97300	12.25100	 1.75000	 1.92000	7800.00000
         Kepler-20 d	10.06880	 2.74396	 0.35060	457.30976	 0.71419	 0.91200	 0.94400	5466.00000
            K2-238 b	273.33243	14.57167	 0.04600	1596.10456	 2.28044	 1.19000	 1.59000	5630.00000
           HATS-54 b	241.54959	11.95998	 0.03763	1629.87786	 1.64616	 1.00700	 1.31700	5702.00000
            HATS-5 b	75.32533	10.22259	 0.05420	1025.33516	 0.53906	 0.93600	 0.87100	5304.00000
       OGLE-TR-111 b	171.62734	12.07207	 0.04700	1027.99935	 0.40966	 0.82000	 0.83100	5070.00000
         HD 181342 b	807.28415	13.33869	 1.59200	410.17085	11.90961	 1.69000	 4.71000	4945.00000
        TRAPPIST-1 c	 1.37938	 1.05600	 0.01521	342.37464	 0.00053	 0.08000	 0.11700	2560.00000
           HATS-34 b	299.07653	16.02884	 0.03166	1443.35498	 0.72239	 0.95500	 0.98000	5380.00000
           WASP-48 b	311.47184	18.71900	 0.03444	2058.95841	 3.53976	 1.19000	 1.75000	5990.00000
         kappa And b	4131.76929	13.45078	100.00000	89.87969	78.43822	 2.80000	 2.29000	11361.00000
         Kepler-11 b	 1.89999	 1.80000	 0.09100	952.26381	 1.13076	 0.95000	 1.10000	5680.00000
          Kepler-9 c	29.90765	 8.29465	 0.22900	605.08214	 1.16457	 1.00000	 1.10000	5722.00000
          HD 76700 b	73.10053	11.09689	 0.04900	1439.19224	 1.70726	 1.00000	 1.33000	5726.00000
          HAT-P-45 b	283.50294	15.98401	 0.04520	1649.37986	 2.50781	 1.25900	 1.31900	6330.00000
           HATS-24 b	775.50131	16.66775	 0.02547	2091.23717	 2.00007	 1.21200	 1.17200	6346.00000
           WASP-90 b	200.23190	18.27064	 0.05620	1840.38510	 6.01679	 1.55000	 1.98000	6430.00000
           WASP-31 b	151.92198	17.22820	 0.04657	1542.70437	 2.03986	 1.16000	 1.24000	6200.00000
           WASP-62 b	181.16219	15.58048	 0.05670	1427.36420	 2.21596	 1.25000	 1.28000	6230.00000
           WASP-52 b	146.20107	14.23541	 0.02720	1299.36868	 0.35021	 0.87000	 0.79000	5000.00000
          WASP-123 b	292.40213	14.87432	 0.04310	1515.13659	 1.62562	 1.20700	 1.29600	5730.00000
          HAT-P-51 b	98.20898	14.49321	 0.05069	1193.00402	 0.85775	 0.97600	 1.04100	5449.00000
          HAT-P-43 b	209.76675	14.38112	 0.04430	1358.87628	 1.11118	 1.04800	 1.10400	5645.00000
           HATS-22 b	870.84983	10.68216	 0.05025	858.27671	 0.22682	 0.75900	 0.68900	4803.00000
        TRAPPIST-1 e	 0.63566	 0.91802	 0.02817	251.57806	 0.00053	 0.08000	 0.11700	2560.00000
         Kepler-40 b	699.22249	13.11451	 0.08000	1619.79142	 7.31600	 1.48000	 2.13000	6510.00000
          HAT-P-18 b	58.16260	10.61490	 0.05590	842.22737	 0.25962	 0.77000	 0.71700	4870.00000
         Kepler-87 b	324.18497	13.56287	 0.47100	530.90518	 2.92473	 1.10000	 1.82000	5600.00000
           KOI-830 b	403.64208	12.10570	 0.04330	1074.07540	 0.40420	 0.87000	 0.80000	5150.00000
          WASP-113 b	150.96849	15.79345	 0.05885	1484.63051	 2.79398	 1.31800	 1.60800	5890.00000
           WASP-45 b	320.05321	13.00242	 0.04054	1196.65910	 0.55964	 0.90900	 0.94500	5140.00000
           GJ 1132 b	 1.65906	 1.16013	 0.01540	578.10385	 0.00440	 0.18100	 0.20700	3270.00000
            HATS-1 b	589.57169	14.59409	 0.04440	1371.09013	 1.14852	 0.98600	 1.03800	5870.00000
          WASP-129 b	317.82841	10.42435	 0.06280	1078.27459	 0.88122	 1.00000	 0.90000	5900.00000
           WASP-69 b	82.63539	11.84789	 0.04525	963.72023	 0.29329	 0.82600	 0.81300	4715.00000
        Kepler-167 d	 1.90697	 1.19376	 0.14050	516.20634	 0.23276	 0.76000	 0.70000	4796.00000
           WASP-43 b	652.18389	11.61250	 0.01526	1440.98031	 0.16672	 0.71700	 0.66700	4520.00000
    EPIC 211442297 b	266.97586	12.49801	 0.13670	682.24503	 0.66595	 0.83100	 0.88100	5560.00000
          WASP-130 b	390.92894	 9.97599	 0.10120	835.41291	 0.82837	 1.04000	 0.96000	5625.00000
          HAT-P-14 b	699.22249	13.45078	 0.05940	1583.94173	 3.67129	 1.38600	 1.46800	6600.00000
          WASP-172 b	149.37935	17.59810	 0.06940	1745.49793	 7.42427	 1.49000	 1.91000	6900.00000
           WASP-34 b	187.51876	13.67496	 0.05240	1158.14365	 0.81970	 1.01000	 0.93000	5700.00000
           HATS-31 b	279.68900	18.38273	 0.04780	1837.49312	 4.20625	 1.27500	 1.87000	6050.00000
          Kepler-4 b	26.19987	 4.00000	 0.04560	1612.80397	 2.33622	 1.22300	 1.48700	5857.00000
          CoRoT-33 b	18815.44167	12.32988	 0.05790	1015.80629	 0.59128	 0.86000	 0.94000	5225.00000
         HD 192699 b	666.16834	13.51803	 1.06300	495.52882	11.27547	 1.38000	 4.41000	5041.00000
          WASP-107 b	38.13941	10.53644	 0.05500	739.99306	 0.15062	 0.69000	 0.66000	4430.00000
           HATS-70 b	4099.98645	15.51323	 0.03632	2762.48868	12.54871	 1.78000	 1.88000	7930.00000
           HATS-57 b	1000.20600	12.66615	 0.03493	1412.50785	 0.80621	 1.02600	 0.96000	5587.00000
             K2-99 b	308.29355	14.45959	 0.15900	1281.26336	11.10762	 1.60000	 3.10000	5990.00000
          HD 75289 b	149.37935	11.54525	 0.04600	1538.45566	 1.96796	 1.05000	 1.25000	6120.00000
           CoRoT-6 b	940.77208	13.06967	 0.08550	1018.06397	 1.29750	 1.05500	 1.02500	6090.00000
           CoRoT-7 b	 4.73564	 1.52442	 0.01720	1825.39110	 0.54149	 0.93000	 0.87000	5313.00000
           HATS-30 b	224.38686	13.17055	 0.04354	1415.06936	 1.26079	 1.09300	 1.06100	5943.00000
         HD 209458 b	219.30160	15.46839	 0.04747	1478.83609	 1.78962	 1.14800	 1.20300	6092.00000
           WASP-76 b	292.40213	20.51243	 0.03300	2182.12385	 4.10018	 1.46000	 1.73000	6250.00000
           WASP-47 b	359.14610	13.11451	 0.05200	1229.85753	 1.02726	 1.11000	 1.16000	5400.00000
    Kepler-35 (AB) b	40.30064	 8.16014	 0.60347	348.06022	 0.88675	 1.69710	 1.00000	5606.00000
          WASP-189 b	676.97451	15.40114	 0.04970	2640.01169	19.92478	 1.88700	 2.33000	7996.00000
          WASP-141 b	854.95841	13.56287	 0.04690	1537.65595	 2.04192	 1.25000	 1.37000	5900.00000
           WASP-55 b	181.16219	14.57167	 0.05330	1239.07411	 1.11199	 1.01300	 1.01100	5900.00000
           HATS-53 b	189.10790	15.02003	 0.04753	1328.28703	 1.10236	 0.96400	 1.10000	5644.00000
        Kepler-289 d	131.89879	11.59009	 0.51000	404.46004	 1.15584	 1.08000	 1.00000	5990.00000
         WASP-70 A b	187.51876	13.04725	 0.04853	1390.48053	 1.46197	 1.10600	 1.21500	5763.00000
          HD 17156 b	1015.46176	12.27383	 0.16230	964.63447	 2.78819	 1.27500	 1.50800	6079.00000
          HAT-P-65 b	167.49557	21.18497	 0.03951	1953.42590	 3.60064	 1.21200	 1.86000	5835.00000
       OGLE-TR-211 b	238.37130	14.12332	 0.05100	1729.54021	 3.86474	 1.33000	 1.64000	6325.00000
           WASP-46 b	667.75748	14.68376	 0.02448	1658.62640	 0.75314	 0.95600	 0.91700	5620.00000
           WASP-26 b	326.72760	14.35870	 0.03985	1663.75165	 2.02054	 1.12000	 1.34000	5950.00000
       OGLE-TR-113 b	394.10722	12.44197	 0.02290	1324.41078	 0.26793	 0.78000	 0.76500	4752.00000
          HD 33283 b	104.88337	11.09689	 0.16800	795.68078	 1.66997	 1.24000	 1.20000	5995.00000
           WASP-67 b	133.48793	15.69257	 0.05170	1028.61060	 0.49687	 0.87000	 0.87000	5200.00000
           HATS-19 b	135.71273	18.60691	 0.05890	1563.60689	 3.28488	 1.30300	 1.74000	5896.00000
          WASP-147 b	87.40281	12.49801	 0.05490	1402.78287	 1.93804	 1.04400	 1.42900	5702.00000
         Kepler-11 e	 9.53485	 4.19216	 0.19400	652.19447	 1.13076	 0.95000	 1.10000	5680.00000
          HAT-P-31 b	690.00547	11.99361	 0.05500	1465.59061	 2.24694	 1.21800	 1.36000	6065.00000
        OGLE-TR-10 b	216.12332	19.27945	 0.04162	1546.52711	 1.64548	 1.18000	 1.16000	6075.00000
           CoRoT-3 b	6884.16329	13.33869	 0.05700	1589.45607	 3.44351	 1.41000	 1.44000	6558.00000
            HATS-9 b	266.65803	11.93756	 0.03048	1808.83209	 1.63771	 1.03000	 1.50000	5336.00000
       OGLE-TR-182 b	336.89811	16.47720	 0.05100	1350.56560	 1.43701	 1.14000	 1.14000	5924.00000
           WASP-91 b	425.89006	11.54525	 0.03700	1143.79124	 0.38909	 0.84000	 0.86000	4920.00000
         HD 159868 c	244.09222	14.22420	 1.03200	385.02788	 3.82038	 1.19000	 2.13000	5534.00000
           WASP-95 b	359.14610	13.56287	 0.03416	1561.42807	 1.15181	 1.11000	 1.13000	5630.00000
    EPIC 219388192 b	11441.82264	 9.48280	 0.05930	1169.50896	 1.07265	 0.99000	 1.01000	5850.00000
         HD 286123 b	126.49571	11.20898	 0.10400	1000.06830	 1.73574	 1.18800	 1.16100	6154.00000
         Kepler-68 b	 5.97517	 2.30905	 0.06170	1253.86716	 1.56224	 1.07900	 1.24300	5793.00000
           WASP-14 b	2333.17833	14.35870	 0.03600	1882.37380	 2.69176	 1.21100	 1.30600	6475.00000
          HAT-P-49 b	549.84314	15.83829	 0.04380	2127.46219	 6.52609	 1.54300	 1.83300	6820.00000
           WASP-78 b	368.68095	19.61572	 0.04150	2194.54795	 6.63336	 2.02000	 2.31000	6100.00000
           HAT-P-3 b	187.83659	 9.26983	 0.03866	1145.19365	 0.42687	 0.91700	 0.79900	5224.00000
          HAT-P-48 b	53.39517	12.67736	 0.05430	1360.72861	 1.67858	 1.09900	 1.22300	5946.00000
        Kepler-41  b	155.73592	 9.42675	 0.02900	1575.21302	 0.85983	 0.94000	 0.96600	5660.00000
             K2-55 b	43.86032	 4.42979	 0.03470	943.04243	 0.15692	 0.68800	 0.71500	4300.00000
         Kepler-20 b	 9.69377	 1.86854	 0.04630	1190.27499	 0.71419	 0.91200	 0.94400	5466.00000
          HD 97658 b	 7.54842	 2.24706	 0.08000	753.65323	 0.34182	 0.85000	 0.73000	5170.00000
          CoRoT-14 b	2415.49589	12.21779	 0.02700	1948.14544	 1.74369	 1.13000	 1.21000	6035.00000
        TRAPPIST-1 f	 0.66744	 1.04501	 0.03710	219.21953	 0.00053	 0.08000	 0.11700	2560.00000
          HD 33142 b	440.19234	13.84309	 1.07000	484.81554	10.48053	 1.54000	 4.36000	4978.00000
            KELT-6 b	140.48016	13.22660	 0.08000	1322.34194	 3.24810	 1.12600	 1.52900	6272.00000
          Kepler-9 b	43.51071	 8.20497	 0.14300	765.63650	 1.16457	 1.00000	 1.10000	5722.00000
           HD 2685 b	375.03752	16.14093	 0.05680	1724.17654	 4.73457	 1.44000	 1.57000	6801.00000
           HATS-20 b	86.76716	 8.69817	 0.04619	1187.50413	 0.61013	 0.91000	 0.89200	5406.00000
           GJ 9827 d	 3.81394	 2.08487	 0.06270	661.13414	 0.12472	 0.65900	 0.65100	4255.00000
           HD 1502 b	874.02812	13.26022	 1.26200	458.94027	11.72714	 1.46000	 4.67000	4947.00000
               Venus	 0.81500	 0.94900	 0.72300	327.61907	 1.00000	 1.00000	 1.00000	5777.00000
             Neptune	17.10000	 3.88000	30.05000	50.81828	 1.00000	 1.00000	 1.00000	5777.00000
                Mars	 0.10700	 0.53200	 1.52000	226.20160	 1.00000	 1.00000	 1.00000	5777.00000
             Mercury	 0.05530	 0.38300	 0.38700	450.20562	 1.00000	 1.00000	 1.00000	5777.00000
              Saturn	95.20000	 9.45000	 9.58000	90.03877	 1.00000	 1.00000	 1.00000	5777.00000
             Jupiter	317.80000	11.21000	 5.20000	122.19811	 1.00000	 1.00000	 1.00000	5777.00000
