1.217522984980763923e+01
1.233111828321574421e+01
1.233281550962057693e+01
1.276924371787220203e+01
1.310562435915777968e+01
1.253113076561425743e+01
1.367384430426706032e+01
1.327608422069694782e+01
1.330149581269829540e+01
1.249847473944630849e+01
1.285770451294475336e+01
1.328819104720747291e+01
1.394202375944536598e+01
1.369547722607511986e+01
1.364832209241219374e+01
8.296470420726304695e+00
1.297889099915866140e+01
7.863486493739054950e+00
1.321263700012284126e+01
2.104138183429047793e+00
4.321111166478225130e+00
5.345646116499409572e+00
1.349996458728975668e+01
1.259327298152157226e+01
1.308439427589862447e+01
1.247764793271111827e+01
1.206179068343407224e+01
1.283903168502474301e+01
1.386956378894735309e+01
1.398607312768473854e+01
1.349141185402958598e+01
1.328927594727456452e+01
1.408077719889164925e+01
1.269873477180982668e+01
3.466025570311288106e+00
1.251873893400109239e+01
2.571236005052492501e+00
1.561926401222099692e+00
1.343807104562974608e+01
1.443782138421506156e+00
1.043447555835114393e+00
1.299333824925279401e+01
2.013453905425544033e+00
1.177740621244653063e+00
3.393755864728015492e+00
5.486575290710607788e+00
2.774474221277555941e+00
1.582586863206569827e+00
1.242590920386644537e+00
1.275711996003405346e+00
1.242356958110501886e+01
2.800996626063558814e+00
2.713546757045371294e+00
1.327804555588951274e+00
2.494588280115093148e+00
2.112867189945488278e+00
4.449141822097740118e+00
2.268108159118747302e+00
1.245025221067511900e+00
1.560569806094832535e+00
3.415126885723074324e+00
4.414040614599089807e+00
5.178396183823208432e+00
1.291235355039458099e+01
1.338826699238118323e+01
1.377867295542074189e+01
2.576689015873779631e+00
4.122057429721342814e+00
3.661792574785485144e+00
2.605858121970709096e+00
2.205158203396879735e+00
1.305913359094215487e+01
1.200099047666716956e+01
1.367091040027678162e+01
1.213678131165723073e+01
1.341033583213415703e+01
7.752456617915976622e+00
1.428605120876578027e+01
1.300377535156092357e+01
1.314280230358797219e+01
1.259391009992840083e+01
1.405033215713580219e+01
1.365217915791766679e+01
1.211153292045791652e+01
1.201382861465577889e+01
1.228890175204986157e+01
1.404448201687730702e+01
1.250985638278885759e+01
1.185184541678982839e+01
1.292620285898787813e+01
1.259510152359876223e+01
1.278837079371588814e+01
1.377734174951539003e+01
1.356160126533500332e+01
1.220377013484918649e+01
1.302123281403282817e+01
1.281550201609750061e+01
1.273707370283769436e+01
1.245518848143430191e+01
1.383862513762687740e+01
1.361585664395240869e+01
1.303913051119396727e+01
1.315479485714752883e+01
1.403059921418682876e+01
1.277596674591263337e+01
1.231896040317513119e+01
1.303196539002438392e+01
1.311947936481301724e+01
1.291184984786528744e+01
1.289287674195604616e+01
1.262179486337224965e+01
8.897766739423925486e+00
1.311556846797631692e+01
1.136099300328825379e+01
1.449458275221556391e+01
5.247860674082884813e+00
1.272478739788867586e+01
1.265167881058421528e+01
1.320592848776098194e+01
4.842859490664769950e+00
1.215103697413541362e+01
1.355933773161455491e+01
1.295996700189175144e+01
1.364810850584641067e+01
1.369108883765108686e+01
1.324009057542545165e+01
1.289811473089429761e+01
1.345727777488765931e+01
1.351078125746395742e+01
1.352053658399077563e+01
1.339953568530646066e+01
1.351766256037896952e+01
1.346421956960248068e+01
1.201481055790824826e+01
9.344633717627555569e+00
1.167222643175113106e+01
1.342612694842986798e+01
1.207595198087270738e+01
1.227706430404713700e+01
1.463266890106007168e+01
1.369141738075952297e+01
1.331237752787418849e+01
1.375070342870634299e+01
1.248311860570640519e+01
1.311747219473536319e+01
1.291211469905842435e+01
1.228699856664732337e+01
1.356034225372718893e+01
1.334210010164873950e+01
1.405986370966196475e+01
5.727006177945495935e+00
1.282697062666010801e+01
1.285115436372017150e+01
2.518369339889730441e+00
2.270420612839586738e+00
5.399149776601797512e+00
1.356195761609971484e+01
1.209382154291729705e+01
1.316854667670254564e+01
1.389788083701885313e+01
1.228121408227245048e+01
1.330351872085243947e+01
1.370241396143224755e+01
1.333660383810343575e+01
1.325838891782866824e+01
1.365816987657493620e+01
1.302066416027643747e+01
1.311306010201258765e+01
1.324445173524581953e+01
1.358511366696175671e+01
1.370159386955650405e+01
1.788996100761516939e+00
1.345438923708953638e+01
1.231213194010815748e+01
1.356216556355889580e+01
1.365847281447082651e+01
9.992826245466268631e+00
1.291686834849761922e+01
1.236169959862504086e+01
1.230071290256457495e+01
1.355617345672062690e+01
1.158626910649887876e+01
3.544677805445687113e+00
1.268639075665756977e+01
1.307198708882885363e+01
1.382701542562117680e+01
1.265979737847505859e+01
1.188337517612532857e+01
9.937125758691035315e+00
1.302327838676982097e+01
1.323456859769871130e+01
1.294326025416681247e+01
1.451624144331780997e+01
1.334640204874915881e+01
1.278358803411419586e+01
1.441794252565270185e+01
1.404110128666767920e+01
2.164673466329099405e+00
2.707972347593516904e+00
1.388532154783281314e+01
7.871054399365795540e+00
1.251666163348978955e+01
5.798168410247072302e+00
1.178229307630731881e+01
1.242198634923317968e+01
1.334371740431815923e+01
1.273414529374023907e+01
1.365076326836904563e+01
1.411609299837888010e+01
1.284964296386563909e+01
1.359944237920993970e+01
1.181872445409855743e+01
1.293004252392271525e+01
4.451727134936732000e+00
1.289351345876659849e+01
1.342119101785766588e+01
1.274444303776678566e+01
1.307557024045992833e+01
1.331292448416884966e+01
1.332498077985994556e+01
1.302834383641279459e+01
1.346604192185507642e+01
1.190897379948470203e+01
1.332477734324458751e+01
1.319124501699603513e+01
1.358350930274003687e+01
1.215461423094154902e+01
1.364016457005744343e+01
1.212943382261813419e+01
1.199936223169670058e+01
1.386494406870130902e+01
1.272914883110926354e+01
1.395195667599118039e+01
1.407535105741671089e+01
1.535501805198184355e+00
1.587422618673471231e+00
2.100389490116635116e+00
1.408030877985872387e+01
1.264734543249369381e+01
1.271001763220229996e+01
1.318091893029314399e+01
1.351623423405738222e+01
1.354844591722180525e+01
1.345273000919511475e+01
1.298177577777681080e+01
4.839104903482863484e+00
1.246643143292073930e+00
1.102919794727383884e+00
1.429306603598195613e+00
1.557555705921304767e+00
1.347079600525418996e+01
1.331539167058928896e+01
1.365955646218630726e+01
1.361216918931153330e+01
1.355063822359702996e+01
1.315797353868424935e+01
1.201141858671301321e+01
9.730597269368480795e+00
1.301427042763821262e+01
5.044621921172470991e+00
9.460611560949931942e+00
3.196592173469643861e+00
1.260026508693983160e+01
5.053026482232884753e+00
1.247491552412685856e+01
1.260130129466528892e+01
8.534317450791656157e+00
1.350731902157678732e+01
1.278535047874378705e+01
1.298448894714895019e+01
1.277444029350130172e+01
1.368188843909636709e+01
1.298482497458599028e+01
1.378729450559613312e+01
1.210556293162056463e+01
1.262707787597376452e+01
1.317566556272224965e+01
1.248532179835486389e+01
1.215170075676537209e+01
1.324290755438540756e+01
1.351256703033011419e+01
2.832485438090759367e+00
1.350810736283325753e+01
1.302732236586784964e+01
1.392426578678520599e+01
1.363171223483601580e+01
1.358143486574844516e+01
1.342375831794507057e+01
1.328632078968385244e+01
1.335668149953108497e+01
1.242606522124235369e+01
1.338176088118718710e+01
1.295948952062318682e+01
1.388884222623452303e+01
1.331597533654533372e+01
1.460683163758976022e+01
2.311338973721669632e+00
1.295602180679591697e+01
1.248758837112558240e+01
1.420841321051702266e+01
9.509601414333985758e+00
5.452929234242114731e+00
3.964472308919365418e+00
7.020675675212062039e+00
1.343100469438140721e+01
9.273988817664010398e+00
1.390384896357465649e+01
1.386701972494343593e+01
1.386801011311267651e+01
1.292177347783790609e+01
1.298291613661495347e+01
1.356725839630604113e+01
1.180610771001965631e+01
1.283280203227914384e+01
1.279037014799428462e+01
1.317138312296175684e+01
1.316234854867594706e+01
1.353978071961197571e+01
3.929022087622797699e+00
3.672334764606291380e+00
1.296653785012883375e+01
1.364686404862230162e+01
1.389130542826158887e+01
1.284266408313091645e+01
1.338055762184376185e+01
1.343669884580506846e+01
1.302447165325994405e+01
1.369997491940326029e+01
1.374448748821231092e+01
1.123216202764173310e+01
1.296535987332951478e+01
1.335598869140038047e+01
1.298580462440589045e+01
1.301519372236171534e+01
1.374852959861063439e+01
1.328728465655635027e+01
1.353509476550550339e+01
1.290572189517734003e+01
1.267173215181256651e+01
1.202502144053968891e+01
1.294373848601846788e+01
1.322931892865296177e+01
1.379826812711524475e+01
1.281745547136477015e+01
1.292204310288179769e+01
1.282858813376815910e+01
1.347066412695450310e+01
1.287816429448145783e+01
1.309450794115834071e+01
7.832295566851461999e+00
8.576206865793020384e+00
1.080337749092245758e+01
1.367815258784843202e+01
1.248377830735010363e+01
1.288278802793720779e+01
1.263337971116957625e+01
1.304797948577023803e+01
1.336509611522537710e+01
1.360617431720513437e+01
1.353154134954804277e+01
1.360494713098348463e+01
1.229890114211223917e+01
1.388514180609965720e+01
1.196114185018492648e+01
1.282891745504428727e+01
1.289846251396597410e+01
2.665084460203086980e+00
2.442168281126495977e+00
1.293055458999230289e+01
1.321515074094214626e+01
1.383654556487597986e+01
1.202991752528078351e+01
1.226552556686421269e+01
1.100019348498123861e+01
1.405777047433165450e+01
1.401562993118076506e+01
1.278654910903825659e+01
1.240082300141533445e+01
1.290236770168750269e+01
1.241455795781348925e+01
1.149243205031647364e+01
1.424479455481576551e+01
1.354604962755135489e+01
1.247211849364322411e+01
1.256840709750914087e+01
1.384044997589814407e+01
1.226018576511658864e+01
1.319951799210091714e+01
1.210437575814424704e+01
1.448618503484955866e+01
1.374901936988579898e+01
1.330305067736686198e+01
1.301095004486317208e+01
1.331879516907797267e+01
1.290244012721741029e+01
1.425613888711284716e+01
1.301257075245589334e+01
1.327533710975404446e+01
1.212401054123610855e+01
1.307676027862889256e+01
5.238109936015851176e+00
1.300260285707314267e+01
1.329564166403996062e+01
1.267790082195223000e+01
1.339465797378869638e+01
1.392835178427655052e+01
1.212355272395992323e+01
9.758167566334620346e+00
3.324250869290959365e+00
1.400580262799797993e+01
1.413938910541957483e+01
1.225214712089454494e+01
1.235905566587990378e+01
1.317357981631870878e+01
1.296185965710418841e+01
1.322971787545891686e+01
1.227339610430139061e+01
1.250609878425595589e+01
1.195253196425897357e+01
1.289633683478800563e+01
1.292816870636523774e+01
1.961875955176641817e+00
2.480706090887998538e+00
1.312290430730553936e+01
1.291626293065155551e+01
1.273918004752976607e+01
1.377661897473130637e+01
1.412287551977699707e+01
1.241462139741430448e+01
1.134314740495194407e+01
1.195685468741336877e+01
1.111080663646609423e+01
1.174753838469636591e+01
1.215557656606440773e+01
1.175524569757302729e+01
1.190830380404104538e+01
1.123213965990161434e+01
1.114506767746536564e+00
1.242490752465234038e+01
1.266520508558182101e+01
1.320569896442458102e+01
1.268798152585939221e+01
1.324268756677450298e+01
1.313146786794442988e+01
1.430596238665060405e+01
1.253097897504943603e+01
1.249165779247985997e+00
1.652319300393942036e+00
2.718842925303682545e+00
1.190906047675772861e+01
1.369647317134224807e+01
9.282126133663946010e-01
9.729762742428156308e-01
1.032359152667756241e+00
1.325972758634182824e+01
1.280572152288006649e+01
1.285929149391332693e+01
1.299263758761805754e+01
1.338257943088591695e+01
1.266928210841157032e+01
1.315276096841140685e+01
1.337471430127217431e+01
1.289351544019683971e+01
1.181704236665254015e+01
1.354489577197412764e+01
1.265581502353221310e+01
1.327569265817037092e+01
1.341248993776371989e+01
1.330820315567388157e+01
3.370829970645981000e+00
1.400588287448500679e+01
1.354725167284289533e+01
1.277178863472185455e+01
1.175868339877736624e+01
1.203267124354499273e+01
1.302324973925421503e+01
1.302398996083473648e+01
1.307121925836234233e+01
1.232914793337207371e+01
1.621372786795149068e+00
1.779994632878356242e+00
1.185783402550838916e+00
1.206305504629355152e+00
1.191118697885527666e+01
1.343813405641176395e+01
1.255890387032585664e+01
1.178080416894045612e+01
1.370917324296879514e+01
